aerosol.txt,0	1	21383	0.113837
aerosol.txt,1	2	67696	0.174685
aerosol.txt,2	2	67696	0.183551
aerosol.txt,3	0	55354	0.158605
aerosol.txt,4	2	67696	0.261050
aerosol.txt,5	2	67696	0.177523
aerosol.txt,6	2	67696	0.098540
aerosol.txt,7	2	67696	0.161756
aerosol.txt,8	2	67696	0.156669
aerosol.txt,9	2	67696	0.203348
aerosol.txt,10	2	67696	0.245852
aerosol.txt,11	0	55354	0.157251
aerosol.txt,12	0	55354	0.214574
aerosol.txt,13	2	67696	0.102252
aerosol.txt,14	2	67696	0.156600
aerosol.txt,15	2	67696	0.148912
aerosol.txt,16	2	67696	0.102026
aerosol.txt,17	1	21383	0.132574
aerosol.txt,18	1	21383	0.068693
aerosol.txt,19	0	55354	0.172758
aerosol.txt,20	0	55354	0.317666
aerosol.txt,21	2	67696	0.125931
aerosol.txt,22	1	21383	0.136875
aerosol.txt,23	2	67696	0.149731
aerosol.txt,24	1	21383	0.139534
aerosol.txt,25	2	67696	0.128479
aerosol.txt,26	0	55354	0.153238
aerosol.txt,27	2	67696	0.115246
aerosol.txt,28	2	67696	0.229435
aerosol.txt,29	0	55354	0.187796
aerosol.txt,30	0	55354	0.154802
aerosol.txt,31	2	67696	0.101843
aerosol.txt,32	0	55354	0.199870
aerosol.txt,33	2	67696	0.175492
aerosol.txt,34	2	67696	0.149497
aerosol.txt,35	2	67696	0.090699
aerosol.txt,36	0	55354	0.195304
aerosol.txt,37	1	21383	0.240947
aerosol.txt,38	2	67696	0.230869
aerosol.txt,39	2	67696	0.135525
aerosol.txt,40	0	55354	0.136819
aerosol.txt,41	0	55354	0.096460
aerosol.txt,42	1	21383	0.125971
aerosol.txt,43	0	55354	0.312734
aerosol.txt,44	1	21383	0.086337
aerosol.txt,45	2	67696	0.150310
aerosol.txt,46	2	67696	0.126536
aerosol.txt,47	2	67696	0.150545
aerosol.txt,48	1	21383	0.118539
aerosol.txt,49	0	55354	0.162093
aerosol.txt,50	1	21383	0.268170
aerosol.txt,51	2	67696	0.217036
aerosol.txt,52	2	67696	0.193894
aerosol.txt,53	2	67696	0.159569
aerosol.txt,54	2	67696	0.180016
aerosol.txt,55	2	67696	0.149698
aerosol.txt,56	0	55354	0.316081
aerosol.txt,57	2	67696	0.155179
aerosol.txt,58	2	67696	0.128259
aerosol.txt,59	2	67696	0.210397
aerosol.txt,60	1	21383	0.156506
aerosol.txt,61	2	67696	0.221571
aerosol.txt,62	2	67696	0.175779
aerosol.txt,63	0	55354	0.109467
aerosol.txt,64	0	55354	0.162913
aerosol.txt,65	2	67696	0.162278
aerosol.txt,66	0	55354	0.112520
aerosol.txt,67	0	55354	0.179281
aerosol.txt,68	2	67696	0.231443
aerosol.txt,69	2	67696	0.119872
aerosol.txt,70	0	55354	0.208018
aerosol.txt,71	2	67696	0.161756
aerosol.txt,72	0	55354	0.182918
aerosol.txt,73	0	55354	0.144423
aerosol.txt,74	0	55354	0.127751
aerosol.txt,75	2	67696	0.161341
aerosol.txt,76	2	67696	0.179153
aerosol.txt,77	2	67696	0.188884
aerosol.txt,78	0	55354	0.167253
aerosol.txt,79	2	67696	0.147433
aerosol.txt,80	0	55354	0.130370
aerosol.txt,81	2	67696	0.225362
aerosol.txt,82	0	55354	0.100680
aerosol.txt,83	0	55354	0.164177
aerosol.txt,84	2	67696	0.139884
aerosol.txt,85	2	67696	0.192903
aerosol.txt,86	2	67696	0.157809
aerosol.txt,87	1	21383	0.164656
aerosol.txt,88	2	67696	0.188949
aerosol.txt,89	2	67696	0.205042
aerosol.txt,90	2	67696	0.220419
aerosol.txt,91	0	55354	0.143206
aerosol.txt,92	2	67696	0.115715
aerosol.txt,93	2	67696	0.205148
aerosol.txt,94	0	55354	0.169799
aerosol.txt,95	0	55354	0.170785
aerosol.txt,96	0	55354	0.188799
aerosol.txt,97	2	67696	0.160141
aerosol.txt,98	0	55354	0.175252
aerosol.txt,99	0	55354	0.160719
aerosol.txt,100	0	55354	0.195307
aerosol.txt,101	1	21383	0.103255
aerosol.txt,102	2	67696	0.177874
aerosol.txt,103	2	67696	0.273144
aerosol.txt,104	0	55354	0.132955
aerosol.txt,105	0	55354	0.176236
aerosol.txt,106	2	67696	0.281970
aerosol.txt,107	0	55354	0.157336
aerosol.txt,108	1	21383	0.165020
aerosol.txt,109	2	67696	0.160172
aerosol.txt,110	0	55354	0.308741
aerosol.txt,111	2	67696	0.125099
aerosol.txt,112	0	55354	0.124076
aerosol.txt,113	0	55354	0.185929
aerosol.txt,114	0	55354	0.096342
aerosol.txt,115	2	67696	0.159327
aerosol.txt,116	0	55354	0.170796
aerosol.txt,117	0	55354	0.300010
aerosol.txt,118	1	21383	0.157082
aerosol.txt,119	0	55354	0.156601
aerosol.txt,120	0	55354	0.205790
aerosol.txt,121	0	55354	0.147360
aerosol.txt,122	2	67696	0.290578
aerosol.txt,123	1	21383	0.152188
aerosol.txt,124	1	21383	0.100871
aerosol.txt,125	2	67696	0.142035
aerosol.txt,126	2	67696	0.261646
aerosol.txt,127	0	55354	0.168247
aerosol.txt,128	2	67696	0.203667
aerosol.txt,129	0	55354	0.155366
aerosol.txt,130	2	67696	0.187229
aerosol.txt,131	0	55354	0.131719
aerosol.txt,132	0	55354	0.178507
aerosol.txt,133	2	67696	0.260899
aerosol.txt,134	1	21383	0.168251
aerosol.txt,135	0	55354	0.156313
aerosol.txt,136	2	67696	0.106103
aerosol.txt,137	1	21383	0.102675
aerosol.txt,138	2	67696	0.299972
aerosol.txt,139	0	55354	0.162271
aerosol.txt,140	1	21383	0.213796
aerosol.txt,141	0	55354	0.215244
aerosol.txt,142	1	21383	0.230660
aerosol.txt,143	2	67696	0.267317
aerosol.txt,144	2	67696	0.252645
aerosol.txt,145	0	55354	0.129189
aerosol.txt,146	2	67696	0.146606
aerosol.txt,147	2	67696	0.199187
aerosol.txt,148	2	67696	0.092048
aerosol.txt,149	0	55354	0.062315
aerosol.txt,150	0	55354	0.143708
aerosol.txt,151	2	67696	0.266007
aerosol.txt,152	2	67696	0.242006
aerosol.txt,153	2	67696	0.234902
aerosol.txt,154	0	55354	0.193448
aerosol.txt,155	2	67696	0.116286
aerosol.txt,156	1	21383	0.185395
aerosol.txt,157	2	67696	0.248072
aerosol.txt,158	2	67696	0.198945
aerosol.txt,159	2	67696	0.269075
aerosol.txt,160	2	67696	0.235444
aerosol.txt,161	1	21383	0.105751
aerosol.txt,162	2	67696	0.262483
aerosol.txt,163	1	21383	0.146785
aerosol.txt,164	1	21383	0.272316
aerosol.txt,165	0	55354	0.292225
aerosol.txt,166	0	55354	0.180937
aerosol.txt,167	2	67696	0.164516
aerosol.txt,168	1	21383	0.101926
aerosol.txt,169	2	67696	0.214764
aerosol.txt,170	0	55354	0.185370
aerosol.txt,171	2	67696	0.144542
aerosol.txt,172	1	21383	0.071504
aerosol.txt,173	2	67696	0.244069
aerosol.txt,174	0	55354	0.218183
aerosol.txt,175	2	67696	0.123258
aerosol.txt,176	1	21383	0.206137
aerosol.txt,177	1	21383	0.086072
aerosol.txt,178	0	55354	0.125823
aerosol.txt,179	2	67696	0.127330
aerosol.txt,180	2	67696	0.118545
aerosol.txt,181	2	67696	0.200031
aerosol.txt,182	2	67696	0.315270
aerosol.txt,183	0	55354	0.335940
aerosol.txt,184	0	55354	0.109162
aerosol.txt,185	0	55354	0.219448
aerosol.txt,186	1	21383	0.076398
aerosol.txt,187	2	67696	0.132088
aerosol.txt,188	1	21383	0.074101
aerosol.txt,189	0	55354	0.174098
aerosol.txt,190	2	67696	0.119983
aerosol.txt,191	1	21383	0.051580
aerosol.txt,192	1	21383	0.251582
aerosol.txt,193	2	67696	0.211307
aerosol.txt,194	2	67696	0.142386
aerosol.txt,195	2	67696	0.150643
aerosol.txt,196	2	67696	0.117618
aerosol.txt,197	2	67696	0.132811
aerosol.txt,198	0	55354	0.142266
aerosol.txt,199	2	67696	0.265118
aerosol.txt,200	2	67696	0.216424
aerosol.txt,201	2	67696	0.185161
aerosol.txt,202	0	55354	0.189268
aerosol.txt,203	0	55354	0.112291
aerosol.txt,204	0	55354	0.177967
aerosol.txt,205	1	21383	0.093509
aerosol.txt,206	2	67696	0.191450
aerosol.txt,207	0	55354	0.089649
aerosol.txt,208	2	67696	0.090321
aerosol.txt,209	1	21383	0.085785
aerosol.txt,210	2	67696	0.170930
aerosol.txt,211	0	55354	0.205503
aerosol.txt,212	0	55354	0.283962
aerosol.txt,213	1	21383	0.082678
aerosol.txt,214	2	67696	0.274876
aerosol.txt,215	1	21383	0.136623
aerosol.txt,216	2	67696	0.252634
aerosol.txt,217	2	67696	0.168023
aerosol.txt,218	0	55354	0.235952
aerosol.txt,219	2	67696	0.215049
aerosol.txt,220	1	21383	0.072216
aerosol.txt,221	2	67696	0.139832
aerosol.txt,222	0	55354	0.262571
aerosol.txt,223	0	55354	0.215948
aerosol.txt,224	0	55354	0.184182
aerosol.txt,225	1	21383	0.102525
aerosol.txt,226	2	67696	0.169262
aerosol.txt,227	2	67696	0.170693
aerosol.txt,228	2	67696	0.124685
aerosol.txt,229	2	67696	0.235591
aerosol.txt,230	0	55354	0.128103
aerosol.txt,231	2	67696	0.343504
aerosol.txt,232	2	67696	0.242790
aerosol.txt,233	0	55354	0.460626
aerosol.txt,234	2	67696	0.155339
aerosol.txt,235	2	67696	0.200259
aerosol.txt,236	0	55354	0.148075
aerosol.txt,237	2	67696	0.079631
aerosol.txt,238	2	67696	0.150587
aerosol.txt,239	2	67696	0.175547
aerosol.txt,240	0	55354	0.095621
aerosol.txt,241	2	67696	0.110490
aerosol.txt,242	0	55354	0.132592
aerosol.txt,243	2	67696	0.332469
aerosol.txt,244	2	67696	0.161946
aerosol.txt,245	1	21383	0.130424
aerosol.txt,246	1	21383	0.159510
aerosol.txt,247	1	21383	0.199720
aerosol.txt,248	1	21383	0.143813
aerosol.txt,249	1	21383	0.078378
aerosol.txt,250	2	67696	0.182219
aerosol.txt,251	0	55354	0.272158
aerosol.txt,252	0	55354	0.165884
aerosol.txt,253	1	21383	0.089215
aerosol.txt,254	0	55354	0.197630
aerosol.txt,255	2	67696	0.127853
aerosol.txt,256	0	55354	0.144456
aerosol.txt,257	0	55354	0.151249
aerosol.txt,258	0	55354	0.149191
aerosol.txt,259	2	67696	0.147518
aerosol.txt,260	1	21383	0.127856
aerosol.txt,261	1	21383	0.104766
aerosol.txt,262	2	67696	0.156405
aerosol.txt,263	2	67696	0.263485
aerosol.txt,264	0	55354	0.092859
aerosol.txt,265	0	55354	0.170701
aerosol.txt,266	0	55354	0.328388
aerosol.txt,267	2	67696	0.256106
aerosol.txt,268	1	21383	0.128776
aerosol.txt,269	2	67696	0.132360
aerosol.txt,270	2	67696	0.198316
aerosol.txt,271	0	55354	0.126378
aerosol.txt,272	2	67696	0.192278
aerosol.txt,273	0	55354	0.198356
aerosol.txt,274	0	55354	0.145504
aerosol.txt,275	2	67696	0.356936
aerosol.txt,276	2	67696	0.264815
aerosol.txt,277	2	67696	0.219111
aerosol.txt,278	1	21383	0.097078
aerosol.txt,279	0	55354	0.154076
aerosol.txt,280	0	55354	0.118529
aerosol.txt,281	1	21383	0.252572
aerosol.txt,282	2	67696	0.176561
aerosol.txt,283	0	55354	0.107467
aerosol.txt,284	0	55354	0.116528
aerosol.txt,285	2	67696	0.153409
aerosol.txt,286	0	55354	0.126585
aerosol.txt,287	2	67696	0.164963
aerosol.txt,288	1	21383	0.144881
aerosol.txt,289	2	67696	0.154797
aerosol.txt,290	2	67696	0.166462
aerosol.txt,291	2	67696	0.193582
aerosol.txt,292	2	67696	0.107385
aerosol.txt,293	2	67696	0.208594
aerosol.txt,294	0	55354	0.192471
aerosol.txt,295	2	67696	0.220551
aerosol.txt,296	2	67696	0.198881
aerosol.txt,297	0	55354	0.135804
aerosol.txt,298	2	67696	0.185515
aerosol.txt,299	2	67696	0.301993
aerosol.txt,300	1	21383	0.127709
aerosol.txt,301	0	55354	0.297568
aerosol.txt,302	2	67696	0.144970
aerosol.txt,303	0	55354	0.144032
aerosol.txt,304	2	67696	0.148568
aerosol.txt,305	0	55354	0.152140
aerosol.txt,306	2	67696	0.340927
aerosol.txt,307	2	67696	0.147906
aerosol.txt,308	0	55354	0.227683
aerosol.txt,309	0	55354	0.156229
aerosol.txt,310	2	67696	0.225003
aerosol.txt,311	0	55354	0.127463
aerosol.txt,312	2	67696	0.212449
aerosol.txt,313	0	55354	0.120296
aerosol.txt,314	2	67696	0.143738
aerosol.txt,315	0	55354	0.179110
aerosol.txt,316	0	55354	0.322604
aerosol.txt,317	0	55354	0.173334
aerosol.txt,318	0	55354	0.149747
aerosol.txt,319	2	67696	0.320051
aerosol.txt,320	2	67696	0.124221
aerosol.txt,321	0	55354	0.134252
aerosol.txt,322	0	55354	0.297880
aerosol.txt,323	2	67696	0.201433
aerosol.txt,324	2	67696	0.203877
aerosol.txt,325	2	67696	0.223144
aerosol.txt,326	1	21383	0.141769
aerosol.txt,327	2	67696	0.161888
aerosol.txt,328	0	55354	0.194420
aerosol.txt,329	0	55354	0.096765
aerosol.txt,330	2	67696	0.165310
aerosol.txt,331	2	67696	0.074491
aerosol.txt,332	2	67696	0.214726
aerosol.txt,333	2	67696	0.144104
aerosol.txt,334	2	67696	0.125375
aerosol.txt,335	2	67696	0.134954
aerosol.txt,336	0	55354	0.146346
aerosol.txt,337	1	21383	0.268029
aerosol.txt,338	2	67696	0.289694
aerosol.txt,339	2	67696	0.189753
aerosol.txt,340	2	67696	0.073101
aerosol.txt,341	0	55354	0.263459
aerosol.txt,342	2	67696	0.250052
aerosol.txt,343	2	67696	0.142757
aerosol.txt,344	1	21383	0.146144
aerosol.txt,345	0	55354	0.140294
aerosol.txt,346	0	55354	0.130179
aerosol.txt,347	2	67696	0.184514
aerosol.txt,348	2	67696	0.109553
aerosol.txt,349	1	21383	0.062669
aerosol.txt,350	2	67696	0.233823
aerosol.txt,351	0	55354	0.192449
aerosol.txt,352	2	67696	0.222327
aerosol.txt,353	2	67696	0.159831
aerosol.txt,354	2	67696	0.168250
aerosol.txt,355	2	67696	0.166859
aerosol.txt,356	1	21383	0.144150
aerosol.txt,357	2	67696	0.260885
aerosol.txt,358	0	55354	0.206721
aerosol.txt,359	2	67696	0.177851
aerosol.txt,360	1	21383	0.260012
aerosol.txt,361	0	55354	0.319838
aerosol.txt,362	2	67696	0.248762
aerosol.txt,363	2	67696	0.196257
aerosol.txt,364	2	67696	0.134279
aerosol.txt,365	0	55354	0.183975
aerosol.txt,366	2	67696	0.186882
aerosol.txt,367	2	67696	0.197509
aerosol.txt,368	2	67696	0.110080
aerosol.txt,369	0	55354	0.141866
aerosol.txt,370	2	67696	0.142357
aerosol.txt,371	0	55354	0.137496
aerosol.txt,372	0	55354	0.169959
aerosol.txt,373	2	67696	0.236252
aerosol.txt,374	0	55354	0.153868
aerosol.txt,375	0	55354	0.173490
aerosol.txt,376	2	67696	0.155083
aerosol.txt,377	0	55354	0.125903
aerosol.txt,378	0	55354	0.157480
aerosol.txt,379	0	55354	0.174102
aerosol.txt,380	0	55354	0.188792
aerosol.txt,381	0	55354	0.142198
aerosol.txt,382	0	55354	0.149453
aerosol.txt,383	2	67696	0.277324
aerosol.txt,384	2	67696	0.243322
aerosol.txt,385	2	67696	0.161229
aerosol.txt,386	2	67696	0.176508
aerosol.txt,387	2	67696	0.115410
aerosol.txt,388	0	55354	0.200395
aerosol.txt,389	2	67696	0.191463
aerosol.txt,390	0	55354	0.185743
aerosol.txt,391	2	67696	0.084918
aerosol.txt,392	2	67696	0.079554
aerosol.txt,393	1	21383	0.061178
aerosol.txt,394	0	55354	0.166699
aerosol.txt,395	1	21383	0.060159
aerosol.txt,396	0	55354	0.291330
aerosol.txt,397	2	67696	0.206049
aerosol.txt,398	2	67696	0.178455
aerosol.txt,399	0	55354	0.155400
aerosol.txt,400	0	55354	0.148300
aerosol.txt,401	1	21383	0.137210
aerosol.txt,402	0	55354	0.095382
aerosol.txt,403	0	55354	0.108019
aerosol.txt,404	2	67696	0.224683
aerosol.txt,405	2	67696	0.226830
aerosol.txt,406	2	67696	0.074739
aerosol.txt,407	0	55354	0.140992
aerosol.txt,408	0	55354	0.177795
aerosol.txt,409	0	55354	0.076320
aerosol.txt,410	1	21383	0.241015
aerosol.txt,411	1	21383	0.112226
aerosol.txt,412	2	67696	0.144755
aerosol.txt,413	2	67696	0.145137
aerosol.txt,414	2	67696	0.216956
aerosol.txt,415	0	55354	0.292285
aerosol.txt,416	2	67696	0.133927
aerosol.txt,417	2	67696	0.160819
aerosol.txt,418	0	55354	0.219184
aerosol.txt,419	0	55354	0.170085
aerosol.txt,420	0	55354	0.183698
aerosol.txt,421	2	67696	0.204768
aerosol.txt,422	0	55354	0.083067
aerosol.txt,423	2	67696	0.177436
aerosol.txt,424	2	67696	0.173033
aerosol.txt,425	2	67696	0.144826
aerosol.txt,426	0	55354	0.117519
aerosol.txt,427	0	55354	0.195241
aerosol.txt,428	1	21383	0.092522
aerosol.txt,429	1	21383	0.072450
aerosol.txt,430	0	55354	0.131675
aerosol.txt,431	2	67696	0.170553
aerosol.txt,432	0	55354	0.144312
aerosol.txt,433	2	67696	0.233658
aerosol.txt,434	0	55354	0.124163
aerosol.txt,435	0	55354	0.283136
aerosol.txt,436	2	67696	0.238005
aerosol.txt,437	2	67696	0.171832
aerosol.txt,438	2	67696	0.243422
aerosol.txt,439	2	67696	0.273930
aerosol.txt,440	0	55354	0.189673
aerosol.txt,441	0	55354	0.136524
aerosol.txt,442	1	21383	0.228530
aerosol.txt,443	1	21383	0.180412
aerosol.txt,444	0	55354	0.240796
aerosol.txt,445	2	67696	0.132666
aerosol.txt,446	2	67696	0.241143
aerosol.txt,447	0	55354	0.094890
aerosol.txt,448	2	67696	0.245088
aerosol.txt,449	1	21383	0.202153
aerosol.txt,450	0	55354	0.218936
aerosol.txt,451	1	21383	0.110436
aerosol.txt,452	2	67696	0.101043
aerosol.txt,453	1	21383	0.226880
aerosol.txt,454	2	67696	0.223978
aerosol.txt,455	0	55354	0.172950
aerosol.txt,456	2	67696	0.150694
aerosol.txt,457	2	67696	0.126451
aerosol.txt,458	2	67696	0.253930
aerosol.txt,459	0	55354	0.189490
aerosol.txt,460	1	21383	0.124361
aerosol.txt,461	0	55354	0.097060
aerosol.txt,462	0	55354	0.264836
aerosol.txt,463	0	55354	0.329640
aerosol.txt,464	0	55354	0.231999
aerosol.txt,465	2	67696	0.230371
aerosol.txt,466	2	67696	0.095142
aerosol.txt,467	0	55354	0.270751
aerosol.txt,468	0	55354	0.317858
aerosol.txt,469	0	55354	0.289452
aerosol.txt,470	0	55354	0.249618
aerosol.txt,471	2	67696	0.072442
aerosol.txt,472	0	55354	0.157495
aerosol.txt,473	1	21383	0.101874
aerosol.txt,474	1	21383	0.127899
aerosol.txt,475	2	67696	0.180590
aerosol.txt,476	2	67696	0.127505
aerosol.txt,477	1	21383	0.170199
aerosol.txt,478	0	55354	0.185416
aerosol.txt,479	2	67696	0.118380
aerosol.txt,480	0	55354	0.091861
aerosol.txt,481	2	67696	0.176996
aerosol.txt,482	0	55354	0.265161
aerosol.txt,483	2	67696	0.141945
aerosol.txt,484	1	21383	0.244675
aerosol.txt,485	2	67696	0.136055
aerosol.txt,486	2	67696	0.258389
aerosol.txt,487	0	55354	0.187307
aerosol.txt,488	2	67696	0.157247
aerosol.txt,489	2	67696	0.275693
aerosol.txt,490	0	55354	0.187087
aerosol.txt,491	2	67696	0.258079
aerosol.txt,492	0	55354	0.107070
aerosol.txt,493	1	21383	0.122871
aerosol.txt,494	0	55354	0.147818
aerosol.txt,495	1	21383	0.059188
aerosol.txt,496	0	55354	0.145114
aerosol.txt,497	2	67696	0.162087
aerosol.txt,498	0	55354	0.190546
aerosol.txt,499	0	55354	0.181133
aerosol.txt,500	2	67696	0.077897
aerosol.txt,501	1	21383	0.276851
aerosol.txt,502	0	55354	0.126161
aerosol.txt,503	2	67696	0.143230
aerosol.txt,504	1	21383	0.069317
aerosol.txt,505	2	67696	0.092540
aerosol.txt,506	2	67696	0.324518
aerosol.txt,507	2	67696	0.121325
aerosol.txt,508	2	67696	0.261521
aerosol.txt,509	2	67696	0.114392
aerosol.txt,510	2	67696	0.110380
aerosol.txt,511	2	67696	0.092176
aerosol.txt,512	2	67696	0.254061
aerosol.txt,513	2	67696	0.254743
aerosol.txt,514	0	55354	0.090098
aerosol.txt,515	2	67696	0.252799
aerosol.txt,516	2	67696	0.096442
aerosol.txt,517	2	67696	0.094069
aerosol.txt,518	2	67696	0.119543
aerosol.txt,519	1	21383	0.234281
aerosol.txt,520	2	67696	0.120966
aerosol.txt,521	2	67696	0.236242
aerosol.txt,522	2	67696	0.146000
aerosol.txt,523	0	55354	0.146688
aerosol.txt,524	2	67696	0.119230
aerosol.txt,525	2	67696	0.167906
aerosol.txt,526	2	67696	0.163918
aerosol.txt,527	2	67696	0.245709
aerosol.txt,528	2	67696	0.091280
aerosol.txt,529	2	67696	0.086763
aerosol.txt,530	0	55354	0.148822
aerosol.txt,531	2	67696	0.146224
aerosol.txt,532	0	55354	0.163209
aerosol.txt,533	1	21383	0.089632
aerosol.txt,534	0	55354	0.135932
aerosol.txt,535	0	55354	0.172440
aerosol.txt,536	2	67696	0.280933
aerosol.txt,537	0	55354	0.172054
aerosol.txt,538	2	67696	0.213259
aerosol.txt,539	2	67696	0.185360
aerosol.txt,540	2	67696	0.136188
aerosol.txt,541	0	55354	0.210626
aerosol.txt,542	2	67696	0.131875
aerosol.txt,543	2	67696	0.161202
aerosol.txt,544	0	55354	0.187422
aerosol.txt,545	2	67696	0.253026
aerosol.txt,546	2	67696	0.289138
aerosol.txt,547	2	67696	0.152135
aerosol.txt,548	0	55354	0.173010
aerosol.txt,549	2	67696	0.115246
aerosol.txt,550	2	67696	0.317535
aerosol.txt,551	1	21383	0.219687
aerosol.txt,552	2	67696	0.195226
aerosol.txt,553	2	67696	0.119708
aerosol.txt,554	2	67696	0.225228
aerosol.txt,555	0	55354	0.183842
aerosol.txt,556	0	55354	0.167505
aerosol.txt,557	0	55354	0.161237
aerosol.txt,558	2	67696	0.193541
aerosol.txt,559	2	67696	0.195493
aerosol.txt,560	2	67696	0.186140
aerosol.txt,561	2	67696	0.158562
aerosol.txt,562	2	67696	0.068863
aerosol.txt,563	2	67696	0.222188
aerosol.txt,564	0	55354	0.165777
aerosol.txt,565	2	67696	0.248409
aerosol.txt,566	2	67696	0.151388
aerosol.txt,567	2	67696	0.181578
aerosol.txt,568	2	67696	0.210767
aerosol.txt,569	1	21383	0.055115
aerosol.txt,570	0	55354	0.138165
aerosol.txt,571	2	67696	0.109386
aerosol.txt,572	1	21383	0.047547
aerosol.txt,573	2	67696	0.113807
aerosol.txt,574	2	67696	0.128125
aerosol.txt,575	2	67696	0.166452
aerosol.txt,576	1	21383	0.131646
aerosol.txt,577	2	67696	0.146377
aerosol.txt,578	0	55354	0.117166
aerosol.txt,579	0	55354	0.197128
aerosol.txt,580	2	67696	0.161532
aerosol.txt,581	2	67696	0.168022
aerosol.txt,582	2	67696	0.104898
aerosol.txt,583	2	67696	0.212425
aerosol.txt,584	2	67696	0.218616
aerosol.txt,585	2	67696	0.195890
aerosol.txt,586	2	67696	0.236928
aerosol.txt,587	2	67696	0.174261
aerosol.txt,588	2	67696	0.142035
aerosol.txt,589	0	55354	0.149638
aerosol.txt,590	2	67696	0.216146
aerosol.txt,591	2	67696	0.244037
aerosol.txt,592	2	67696	0.218166
aerosol.txt,593	2	67696	0.181419
aerosol.txt,594	2	67696	0.092407
aerosol.txt,595	1	21383	0.068763
aerosol.txt,596	1	21383	0.083542
aerosol.txt,597	1	21383	0.096119
aerosol.txt,598	1	21383	0.119547
aerosol.txt,599	2	67696	0.205271
aerosol.txt,600	2	67696	0.172019
aerosol.txt,601	2	67696	0.117832
aerosol.txt,602	2	67696	0.303695
aerosol.txt,603	2	67696	0.260398
aerosol.txt,604	2	67696	0.144827
aerosol.txt,605	2	67696	0.169727
aerosol.txt,606	2	67696	0.131159
aerosol.txt,607	0	55354	0.336873
aerosol.txt,608	2	67696	0.131635
aerosol.txt,609	2	67696	0.144217
aerosol.txt,610	2	67696	0.452929
aerosol.txt,611	1	21383	0.177181
aerosol.txt,612	1	21383	0.131997
aerosol.txt,613	0	55354	0.270000
aerosol.txt,614	2	67696	0.217510
aerosol.txt,615	2	67696	0.164230
aerosol.txt,616	0	55354	0.156194
aerosol.txt,617	0	55354	0.145891
aerosol.txt,618	2	67696	0.211283
aerosol.txt,619	2	67696	0.256683
aerosol.txt,620	0	55354	0.156071
aerosol.txt,621	2	67696	0.192588
aerosol.txt,622	2	67696	0.202264
aerosol.txt,623	2	67696	0.098967
aerosol.txt,624	2	67696	0.218735
aerosol.txt,625	0	55354	0.136076
aerosol.txt,626	1	21383	0.226059
aerosol.txt,627	2	67696	0.107050
aerosol.txt,628	0	55354	0.092807
aerosol.txt,629	0	55354	0.348910
aerosol.txt,630	2	67696	0.118187
aerosol.txt,631	0	55354	0.135643
aerosol.txt,632	2	67696	0.225007
aerosol.txt,633	2	67696	0.230407
aerosol.txt,634	2	67696	0.291503
aerosol.txt,635	2	67696	0.180117
aerosol.txt,636	0	55354	0.131666
aerosol.txt,637	2	67696	0.178640
aerosol.txt,638	2	67696	0.171461
aerosol.txt,639	1	21383	0.112966
aerosol.txt,640	0	55354	0.139913
aerosol.txt,641	0	55354	0.136612
aerosol.txt,642	2	67696	0.248898
aerosol.txt,643	2	67696	0.176425
aerosol.txt,644	2	67696	0.104320
aerosol.txt,645	2	67696	0.142594
aerosol.txt,646	2	67696	0.102079
aerosol.txt,647	0	55354	0.138201
aerosol.txt,648	2	67696	0.141533
aerosol.txt,649	1	21383	0.140484
aerosol.txt,650	2	67696	0.268076
aerosol.txt,651	0	55354	0.307778
aerosol.txt,652	0	55354	0.155999
aerosol.txt,653	1	21383	0.263303
aerosol.txt,654	2	67696	0.087955
aerosol.txt,655	1	21383	0.274187
aerosol.txt,656	0	55354	0.199693
aerosol.txt,657	2	67696	0.131624
aerosol.txt,658	0	55354	0.149697
aerosol.txt,659	0	55354	0.114383
aerosol.txt,660	2	67696	0.237130
aerosol.txt,661	0	55354	0.106642
aerosol.txt,662	1	21383	0.079024
aerosol.txt,663	0	55354	0.109387
aerosol.txt,664	1	21383	0.276851
aerosol.txt,665	0	55354	0.089005
aerosol.txt,666	0	55354	0.260489
aerosol.txt,667	1	21383	0.071403
aerosol.txt,668	2	67696	0.103351
aerosol.txt,669	1	21383	0.118938
aerosol.txt,670	0	55354	0.177753
aerosol.txt,671	2	67696	0.204088
aerosol.txt,672	0	55354	0.202842
aerosol.txt,673	1	21383	0.143886
aerosol.txt,674	0	55354	0.096767
aerosol.txt,675	1	21383	0.156439
aerosol.txt,676	2	67696	0.227688
aerosol.txt,677	2	67696	0.100355
aerosol.txt,678	0	55354	0.138836
aerosol.txt,679	0	55354	0.186826
aerosol.txt,680	2	67696	0.232208
aerosol.txt,681	0	55354	0.252415
aerosol.txt,682	2	67696	0.180984
aerosol.txt,683	2	67696	0.195387
aerosol.txt,684	0	55354	0.155938
aerosol.txt,685	0	55354	0.155993
aerosol.txt,686	0	55354	0.169793
aerosol.txt,687	2	67696	0.265372
aerosol.txt,688	2	67696	0.184158
aerosol.txt,689	0	55354	0.093066
aerosol.txt,690	1	21383	0.170306
aerosol.txt,691	2	67696	0.125624
aerosol.txt,692	2	67696	0.130344
aerosol.txt,693	2	67696	0.162762
aerosol.txt,694	2	67696	0.169591
aerosol.txt,695	1	21383	0.160116
aerosol.txt,696	2	67696	0.228381
aerosol.txt,697	1	21383	0.085574
aerosol.txt,698	2	67696	0.260451
aerosol.txt,699	2	67696	0.177731
aerosol.txt,700	2	67696	0.260732
aerosol.txt,701	0	55354	0.139936
aerosol.txt,702	2	67696	0.157773
aerosol.txt,703	2	67696	0.247731
aerosol.txt,704	0	55354	0.198665
aerosol.txt,705	0	55354	0.118265
aerosol.txt,706	2	67696	0.250623
aerosol.txt,707	1	21383	0.091371
aerosol.txt,708	2	67696	0.198510
aerosol.txt,709	1	21383	0.112289
aerosol.txt,710	2	67696	0.197726
aerosol.txt,711	2	67696	0.180258
aerosol.txt,712	0	55354	0.113214
aerosol.txt,713	1	21383	0.266599
aerosol.txt,714	0	55354	0.185903
aerosol.txt,715	0	55354	0.148891
aerosol.txt,716	2	67696	0.218174
aerosol.txt,717	0	55354	0.280865
aerosol.txt,718	0	55354	0.142637
aerosol.txt,719	2	67696	0.199961
aerosol.txt,720	0	55354	0.174645
aerosol.txt,721	0	55354	0.252126
aerosol.txt,722	2	67696	0.159546
aerosol.txt,723	2	67696	0.126419
aerosol.txt,724	2	67696	0.238151
aerosol.txt,725	2	67696	0.226884
aerosol.txt,726	2	67696	0.191994
aerosol.txt,727	0	55354	0.187573
aerosol.txt,728	0	55354	0.250714
aerosol.txt,729	0	55354	0.139017
aerosol.txt,730	2	67696	0.256359
aerosol.txt,731	2	67696	0.122021
aerosol.txt,732	1	21383	0.135682
aerosol.txt,733	2	67696	0.100900
aerosol.txt,734	2	67696	0.167693
aerosol.txt,735	2	67696	0.084754
aerosol.txt,736	0	55354	0.109148
aerosol.txt,737	2	67696	0.223242
aerosol.txt,738	2	67696	0.147161
aerosol.txt,739	2	67696	0.146567
aerosol.txt,740	2	67696	0.127714
aerosol.txt,741	2	67696	0.173298
aerosol.txt,742	2	67696	0.250963
aerosol.txt,743	1	21383	0.081509
aerosol.txt,744	1	21383	0.188913
aerosol.txt,745	2	67696	0.408841
aerosol.txt,746	0	55354	0.209117
aerosol.txt,747	2	67696	0.187061
aerosol.txt,748	0	55354	0.182319
aerosol.txt,749	2	67696	0.109022
aerosol.txt,750	2	67696	0.225063
aerosol.txt,751	0	55354	0.164009
aerosol.txt,752	1	21383	0.268099
aerosol.txt,753	2	67696	0.133415
aerosol.txt,754	0	55354	0.335866
aerosol.txt,755	2	67696	0.161941
aerosol.txt,756	2	67696	0.179842
aerosol.txt,757	2	67696	0.193275
aerosol.txt,758	0	55354	0.108463
aerosol.txt,759	1	21383	0.142923
aerosol.txt,760	2	67696	0.156118
aerosol.txt,761	2	67696	0.175614
aerosol.txt,762	1	21383	0.276472
aerosol.txt,763	2	67696	0.173564
aerosol.txt,764	2	67696	0.231227
aerosol.txt,765	2	67696	0.227293
aerosol.txt,766	0	55354	0.221916
aerosol.txt,767	1	21383	0.157433
aerosol.txt,768	2	67696	0.278244
aerosol.txt,769	2	67696	0.148993
aerosol.txt,770	2	67696	0.115001
aerosol.txt,771	0	55354	0.154408
aerosol.txt,772	1	21383	0.144245
aerosol.txt,773	1	21383	0.095134
aerosol.txt,774	2	67696	0.208071
aerosol.txt,775	0	55354	0.228603
aerosol.txt,776	0	55354	0.122860
aerosol.txt,777	0	55354	0.170674
aerosol.txt,778	2	67696	0.172120
aerosol.txt,779	2	67696	0.129688
aerosol.txt,780	2	67696	0.172658
aerosol.txt,781	2	67696	0.223496
aerosol.txt,782	2	67696	0.207502
aerosol.txt,783	0	55354	0.161395
aerosol.txt,784	0	55354	0.242357
aerosol.txt,785	1	21383	0.121234
aerosol.txt,786	2	67696	0.149029
aerosol.txt,787	0	55354	0.128935
aerosol.txt,788	2	67696	0.126048
aerosol.txt,789	0	55354	0.163511
aerosol.txt,790	2	67696	0.161842
aerosol.txt,791	0	55354	0.170049
aerosol.txt,792	2	67696	0.107484
aerosol.txt,793	2	67696	0.235957
aerosol.txt,794	0	55354	0.138281
aerosol.txt,795	2	67696	0.162924
aerosol.txt,796	2	67696	0.208108
aerosol.txt,797	1	21383	0.115820
aerosol.txt,798	1	21383	0.144992
aerosol.txt,799	0	55354	0.168346
aerosol.txt,800	0	55354	0.227864
aerosol.txt,801	2	67696	0.194124
aerosol.txt,802	2	67696	0.303836
aerosol.txt,803	1	21383	0.086226
aerosol.txt,804	2	67696	0.191026
aerosol.txt,805	2	67696	0.163016
aerosol.txt,806	1	21383	0.062437
aerosol.txt,807	0	55354	0.294628
aerosol.txt,808	0	55354	0.235130
aerosol.txt,809	0	55354	0.176966
aerosol.txt,810	0	55354	0.087742
aerosol.txt,811	0	55354	0.110434
aerosol.txt,812	2	67696	0.150950
aerosol.txt,813	2	67696	0.090302
aerosol.txt,814	1	21383	0.203595
aerosol.txt,815	2	67696	0.249725
aerosol.txt,816	1	21383	0.114571
aerosol.txt,817	0	55354	0.233512
aerosol.txt,818	2	67696	0.192362
aerosol.txt,819	2	67696	0.233380
aerosol.txt,820	2	67696	0.144159
aerosol.txt,821	0	55354	0.212735
aerosol.txt,822	2	67696	0.228956
aerosol.txt,823	2	67696	0.274654
aerosol.txt,824	0	55354	0.091133
aerosol.txt,825	2	67696	0.140961
aerosol.txt,826	2	67696	0.201903
aerosol.txt,827	0	55354	0.289696
aerosol.txt,828	2	67696	0.165689
aerosol.txt,829	1	21383	0.127223
aerosol.txt,830	2	67696	0.135611
aerosol.txt,831	2	67696	0.153480
aerosol.txt,832	2	67696	0.155047
aerosol.txt,833	0	55354	0.184001
aerosol.txt,834	2	67696	0.225402
aerosol.txt,835	1	21383	0.087098
aerosol.txt,836	2	67696	0.158933
aerosol.txt,837	2	67696	0.249820
aerosol.txt,838	2	67696	0.149686
aerosol.txt,839	2	67696	0.248350
aerosol.txt,840	1	21383	0.234281
aerosol.txt,841	0	55354	0.246214
aerosol.txt,842	1	21383	0.138373
aerosol.txt,843	0	55354	0.112132
aerosol.txt,844	2	67696	0.123682
aerosol.txt,845	1	21383	0.122702
aerosol.txt,846	1	21383	0.116130
aerosol.txt,847	2	67696	0.262935
aerosol.txt,848	0	55354	0.200122
aerosol.txt,849	0	55354	0.180044
aerosol.txt,850	0	55354	0.108385
aerosol.txt,851	0	55354	0.204332
aerosol.txt,852	2	67696	0.372091
aerosol.txt,853	2	67696	0.158175
aerosol.txt,854	2	67696	0.226685
aerosol.txt,855	2	67696	0.175286
aerosol.txt,856	0	55354	0.097906
aerosol.txt,857	2	67696	0.147617
aerosol.txt,858	1	21383	0.129644
aerosol.txt,859	2	67696	0.135355
aerosol.txt,860	2	67696	0.288728
aerosol.txt,861	0	55354	0.121302
aerosol.txt,862	1	21383	0.089175
aerosol.txt,863	0	55354	0.117095
aerosol.txt,864	0	55354	0.192620
aerosol.txt,865	2	67696	0.342755
aerosol.txt,866	2	67696	0.169187
aerosol.txt,867	2	67696	0.204113
aerosol.txt,868	2	67696	0.139993
aerosol.txt,869	1	21383	0.276851
aerosol.txt,870	0	55354	0.167747
aerosol.txt,871	2	67696	0.228574
aerosol.txt,872	0	55354	0.084431
aerosol.txt,873	2	67696	0.178072
aerosol.txt,874	2	67696	0.181239
aerosol.txt,875	2	67696	0.082638
aerosol.txt,876	2	67696	0.154507
aerosol.txt,877	2	67696	0.258671
aerosol.txt,878	2	67696	0.152248
aerosol.txt,879	2	67696	0.126289
aerosol.txt,880	2	67696	0.222423
aerosol.txt,881	0	55354	0.149848
aerosol.txt,882	1	21383	0.099158
aerosol.txt,883	0	55354	0.113106
aerosol.txt,884	0	55354	0.196571
aerosol.txt,885	0	55354	0.259198
aerosol.txt,886	2	67696	0.202139
aerosol.txt,887	0	55354	0.197080
aerosol.txt,888	0	55354	0.227065
aerosol.txt,889	0	55354	0.151290
aerosol.txt,890	2	67696	0.176886
aerosol.txt,891	0	55354	0.129253
aerosol.txt,892	0	55354	0.213257
aerosol.txt,893	0	55354	0.287506
aerosol.txt,894	2	67696	0.144062
aerosol.txt,895	1	21383	0.131497
aerosol.txt,896	0	55354	0.097687
aerosol.txt,897	2	67696	0.211686
aerosol.txt,898	2	67696	0.245890
aerosol.txt,899	2	67696	0.134678
aerosol.txt,900	0	55354	0.126995
aerosol.txt,901	1	21383	0.153877
aerosol.txt,902	2	67696	0.132084
aerosol.txt,903	0	55354	0.201785
aerosol.txt,904	2	67696	0.132966
