airplane.txt,0	0	55354	0.140914
airplane.txt,1	2	67696	0.287170
airplane.txt,2	0	55354	0.270257
airplane.txt,3	2	67696	0.260548
airplane.txt,4	1	21383	0.273578
airplane.txt,5	0	55354	0.169389
airplane.txt,6	2	67696	0.229588
airplane.txt,7	2	67696	0.207467
airplane.txt,8	2	67696	0.105719
airplane.txt,9	2	67696	0.192943
airplane.txt,10	2	67696	0.265477
airplane.txt,11	2	67696	0.450094
airplane.txt,12	2	67696	0.362890
airplane.txt,13	2	67696	0.248175
airplane.txt,14	0	55354	0.149162
airplane.txt,15	1	21383	0.273791
airplane.txt,16	0	55354	0.124208
airplane.txt,17	2	67696	0.239082
airplane.txt,18	1	21383	0.094006
airplane.txt,19	2	67696	0.229041
airplane.txt,20	2	67696	0.281408
airplane.txt,21	0	55354	0.207671
airplane.txt,22	2	67696	0.376189
airplane.txt,23	2	67696	0.199609
airplane.txt,24	0	55354	0.157643
airplane.txt,25	2	67696	0.190796
airplane.txt,26	2	67696	0.287687
airplane.txt,27	2	67696	0.159785
airplane.txt,28	0	55354	0.320054
airplane.txt,29	2	67696	0.221873
airplane.txt,30	0	55354	0.431942
airplane.txt,31	2	67696	0.242056
airplane.txt,32	2	67696	0.190568
airplane.txt,33	0	55354	0.126580
airplane.txt,34	2	67696	0.233580
airplane.txt,35	2	67696	0.328781
airplane.txt,36	0	55354	0.183215
airplane.txt,37	0	55354	0.365985
airplane.txt,38	2	67696	0.292003
airplane.txt,39	2	67696	0.306694
airplane.txt,40	1	21383	0.132862
airplane.txt,41	2	67696	0.470239
airplane.txt,42	2	67696	0.201663
airplane.txt,43	2	67696	0.269765
airplane.txt,44	2	67696	0.272421
airplane.txt,45	0	55354	0.134553
airplane.txt,46	2	67696	0.367902
airplane.txt,47	1	21383	0.188793
airplane.txt,48	2	67696	0.205576
airplane.txt,49	2	67696	0.122400
airplane.txt,50	2	67696	0.262542
airplane.txt,51	0	55354	0.413272
airplane.txt,52	0	55354	0.219398
airplane.txt,53	1	21383	0.078916
airplane.txt,54	2	67696	0.350440
airplane.txt,55	2	67696	0.197669
airplane.txt,56	0	55354	0.465584
airplane.txt,57	0	55354	0.257346
airplane.txt,58	0	55354	0.262521
airplane.txt,59	2	67696	0.164901
airplane.txt,60	0	55354	0.132182
airplane.txt,61	1	21383	0.116379
airplane.txt,62	2	67696	0.160326
airplane.txt,63	0	55354	0.129779
airplane.txt,64	0	55354	0.163611
airplane.txt,65	1	21383	0.104487
airplane.txt,66	1	21383	0.233131
airplane.txt,67	1	21383	0.166028
airplane.txt,68	0	55354	0.174672
airplane.txt,69	2	67696	0.203031
airplane.txt,70	0	55354	0.156192
airplane.txt,71	1	21383	0.113822
airplane.txt,72	0	55354	0.182848
airplane.txt,73	2	67696	0.319964
airplane.txt,74	2	67696	0.360598
airplane.txt,75	2	67696	0.246495
airplane.txt,76	2	67696	0.209527
airplane.txt,77	0	55354	0.134462
airplane.txt,78	2	67696	0.131744
airplane.txt,79	2	67696	0.163525
airplane.txt,80	1	21383	0.168132
airplane.txt,81	0	55354	0.168441
airplane.txt,82	1	21383	0.180181
airplane.txt,83	0	55354	0.194797
airplane.txt,84	2	67696	0.092602
airplane.txt,85	0	55354	0.142954
airplane.txt,86	0	55354	0.275276
airplane.txt,87	1	21383	0.273555
airplane.txt,88	0	55354	0.148319
airplane.txt,89	0	55354	0.144460
airplane.txt,90	1	21383	0.276851
airplane.txt,91	1	21383	0.223084
airplane.txt,92	2	67696	0.253006
airplane.txt,93	0	55354	0.274713
airplane.txt,94	2	67696	0.251826
airplane.txt,95	2	67696	0.278836
airplane.txt,96	1	21383	0.233722
airplane.txt,97	1	21383	0.113627
airplane.txt,98	2	67696	0.216518
airplane.txt,99	0	55354	0.137940
airplane.txt,100	0	55354	0.177787
airplane.txt,101	2	67696	0.159754
airplane.txt,102	0	55354	0.183113
airplane.txt,103	2	67696	0.289573
airplane.txt,104	0	55354	0.173429
airplane.txt,105	1	21383	0.150193
airplane.txt,106	2	67696	0.275436
airplane.txt,107	0	55354	0.260752
airplane.txt,108	2	67696	0.190184
airplane.txt,109	2	67696	0.215229
airplane.txt,110	1	21383	0.108761
airplane.txt,111	1	21383	0.167429
airplane.txt,112	0	55354	0.158778
airplane.txt,113	0	55354	0.124640
airplane.txt,114	2	67696	0.246002
airplane.txt,115	2	67696	0.256236
airplane.txt,116	2	67696	0.253496
airplane.txt,117	1	21383	0.188924
airplane.txt,118	2	67696	0.299104
airplane.txt,119	0	55354	0.177886
airplane.txt,120	0	55354	0.176118
airplane.txt,121	2	67696	0.144424
airplane.txt,122	2	67696	0.269998
airplane.txt,123	0	55354	0.390775
airplane.txt,124	2	67696	0.222725
airplane.txt,125	0	55354	0.272446
airplane.txt,126	0	55354	0.213734
airplane.txt,127	2	67696	0.225678
airplane.txt,128	0	55354	0.152219
airplane.txt,129	2	67696	0.132368
airplane.txt,130	2	67696	0.310506
airplane.txt,131	1	21383	0.098697
airplane.txt,132	0	55354	0.154725
airplane.txt,133	2	67696	0.263549
airplane.txt,134	2	67696	0.230624
airplane.txt,135	2	67696	0.131975
airplane.txt,136	1	21383	0.231570
airplane.txt,137	0	55354	0.142233
airplane.txt,138	2	67696	0.184794
airplane.txt,139	1	21383	0.078303
airplane.txt,140	2	67696	0.170480
airplane.txt,141	0	55354	0.378497
airplane.txt,142	2	67696	0.155876
airplane.txt,143	0	55354	0.137922
airplane.txt,144	0	55354	0.166338
airplane.txt,145	0	55354	0.138602
airplane.txt,146	0	55354	0.274455
airplane.txt,147	2	67696	0.153477
airplane.txt,148	2	67696	0.094555
airplane.txt,149	0	55354	0.135017
airplane.txt,150	0	55354	0.094944
airplane.txt,151	0	55354	0.145478
airplane.txt,152	0	55354	0.188627
airplane.txt,153	2	67696	0.248134
airplane.txt,154	2	67696	0.379053
airplane.txt,155	2	67696	0.188324
airplane.txt,156	2	67696	0.159036
airplane.txt,157	0	55354	0.123578
airplane.txt,158	2	67696	0.198081
airplane.txt,159	0	55354	0.181365
airplane.txt,160	0	55354	0.198004
airplane.txt,161	0	55354	0.133024
airplane.txt,162	1	21383	0.058794
airplane.txt,163	0	55354	0.202604
airplane.txt,164	0	55354	0.119031
airplane.txt,165	1	21383	0.213842
airplane.txt,166	0	55354	0.181727
airplane.txt,167	0	55354	0.131462
airplane.txt,168	2	67696	0.267988
airplane.txt,169	0	55354	0.189923
airplane.txt,170	2	67696	0.163936
airplane.txt,171	0	55354	0.151611
airplane.txt,172	0	55354	0.241483
airplane.txt,173	2	67696	0.190156
airplane.txt,174	0	55354	0.150657
airplane.txt,175	2	67696	0.260442
airplane.txt,176	1	21383	0.105697
airplane.txt,177	2	67696	0.275050
airplane.txt,178	1	21383	0.141286
airplane.txt,179	2	67696	0.121524
airplane.txt,180	2	67696	0.160358
airplane.txt,181	1	21383	0.115991
airplane.txt,182	0	55354	0.302654
airplane.txt,183	2	67696	0.289787
airplane.txt,184	1	21383	0.276289
airplane.txt,185	2	67696	0.270241
airplane.txt,186	2	67696	0.132882
airplane.txt,187	0	55354	0.274876
airplane.txt,188	0	55354	0.192311
airplane.txt,189	0	55354	0.151697
airplane.txt,190	1	21383	0.168132
airplane.txt,191	0	55354	0.364574
airplane.txt,192	2	67696	0.367568
airplane.txt,193	0	55354	0.179811
airplane.txt,194	0	55354	0.180490
airplane.txt,195	2	67696	0.213009
airplane.txt,196	0	55354	0.129085
airplane.txt,197	2	67696	0.201998
airplane.txt,198	0	55354	0.122126
airplane.txt,199	0	55354	0.142584
airplane.txt,200	0	55354	0.171372
airplane.txt,201	0	55354	0.212751
airplane.txt,202	0	55354	0.218483
airplane.txt,203	2	67696	0.228802
airplane.txt,204	0	55354	0.214893
airplane.txt,205	0	55354	0.138520
airplane.txt,206	1	21383	0.093456
airplane.txt,207	0	55354	0.187901
airplane.txt,208	2	67696	0.117711
airplane.txt,209	0	55354	0.186804
airplane.txt,210	0	55354	0.167165
airplane.txt,211	0	55354	0.104294
airplane.txt,212	0	55354	0.169947
airplane.txt,213	0	55354	0.215949
airplane.txt,214	2	67696	0.195244
airplane.txt,215	2	67696	0.214707
airplane.txt,216	2	67696	0.236912
airplane.txt,217	0	55354	0.347649
airplane.txt,218	2	67696	0.132562
airplane.txt,219	2	67696	0.220942
airplane.txt,220	2	67696	0.240291
airplane.txt,221	2	67696	0.185745
airplane.txt,222	0	55354	0.204815
airplane.txt,223	0	55354	0.273915
airplane.txt,224	2	67696	0.072557
airplane.txt,225	0	55354	0.161543
airplane.txt,226	2	67696	0.146300
airplane.txt,227	2	67696	0.349575
airplane.txt,228	2	67696	0.247782
airplane.txt,229	1	21383	0.172436
airplane.txt,230	2	67696	0.242545
airplane.txt,231	0	55354	0.112657
airplane.txt,232	2	67696	0.165046
airplane.txt,233	2	67696	0.196709
airplane.txt,234	2	67696	0.164904
airplane.txt,235	0	55354	0.072522
airplane.txt,236	0	55354	0.426387
airplane.txt,237	2	67696	0.074819
airplane.txt,238	0	55354	0.113376
airplane.txt,239	0	55354	0.208344
airplane.txt,240	1	21383	0.175238
airplane.txt,241	2	67696	0.218029
airplane.txt,242	2	67696	0.191625
airplane.txt,243	2	67696	0.217275
airplane.txt,244	1	21383	0.043808
airplane.txt,245	0	55354	0.133962
airplane.txt,246	2	67696	0.119714
airplane.txt,247	2	67696	0.178732
airplane.txt,248	0	55354	0.104823
airplane.txt,249	1	21383	0.165520
airplane.txt,250	1	21383	0.065673
airplane.txt,251	2	67696	0.197153
airplane.txt,252	2	67696	0.167149
airplane.txt,253	0	55354	0.229395
airplane.txt,254	0	55354	0.151088
airplane.txt,255	0	55354	0.187012
airplane.txt,256	2	67696	0.101436
airplane.txt,257	0	55354	0.177428
airplane.txt,258	0	55354	0.139388
airplane.txt,259	2	67696	0.265010
airplane.txt,260	2	67696	0.158486
airplane.txt,261	1	21383	0.173744
airplane.txt,262	0	55354	0.202914
airplane.txt,263	2	67696	0.145505
airplane.txt,264	0	55354	0.434168
airplane.txt,265	2	67696	0.223101
airplane.txt,266	0	55354	0.120668
airplane.txt,267	2	67696	0.334419
airplane.txt,268	2	67696	0.203736
airplane.txt,269	2	67696	0.156429
airplane.txt,270	2	67696	0.175828
airplane.txt,271	2	67696	0.235750
airplane.txt,272	0	55354	0.272782
airplane.txt,273	2	67696	0.258774
airplane.txt,274	2	67696	0.193588
airplane.txt,275	0	55354	0.215601
airplane.txt,276	2	67696	0.099708
airplane.txt,277	2	67696	0.309276
airplane.txt,278	0	55354	0.212329
airplane.txt,279	0	55354	0.140490
airplane.txt,280	1	21383	0.134769
airplane.txt,281	0	55354	0.128641
airplane.txt,282	1	21383	0.166196
airplane.txt,283	2	67696	0.147498
airplane.txt,284	2	67696	0.231330
airplane.txt,285	2	67696	0.242446
airplane.txt,286	2	67696	0.263644
airplane.txt,287	0	55354	0.171122
airplane.txt,288	0	55354	0.192560
airplane.txt,289	0	55354	0.115578
airplane.txt,290	2	67696	0.121347
airplane.txt,291	1	21383	0.276592
airplane.txt,292	0	55354	0.127287
airplane.txt,293	1	21383	0.189906
airplane.txt,294	0	55354	0.295098
airplane.txt,295	2	67696	0.133026
airplane.txt,296	0	55354	0.104983
airplane.txt,297	2	67696	0.290118
airplane.txt,298	2	67696	0.162665
airplane.txt,299	2	67696	0.324454
airplane.txt,300	2	67696	0.241349
airplane.txt,301	0	55354	0.156081
airplane.txt,302	0	55354	0.142636
airplane.txt,303	2	67696	0.191614
airplane.txt,304	0	55354	0.100164
airplane.txt,305	2	67696	0.242330
airplane.txt,306	0	55354	0.167874
airplane.txt,307	0	55354	0.160919
airplane.txt,308	2	67696	0.227042
airplane.txt,309	2	67696	0.342584
airplane.txt,310	1	21383	0.068547
airplane.txt,311	0	55354	0.149410
airplane.txt,312	0	55354	0.142549
airplane.txt,313	0	55354	0.287769
airplane.txt,314	0	55354	0.141809
airplane.txt,315	2	67696	0.157108
airplane.txt,316	2	67696	0.313313
airplane.txt,317	0	55354	0.172062
airplane.txt,318	0	55354	0.101185
airplane.txt,319	0	55354	0.327086
airplane.txt,320	2	67696	0.211565
airplane.txt,321	2	67696	0.153979
airplane.txt,322	2	67696	0.246495
airplane.txt,323	0	55354	0.252703
airplane.txt,324	0	55354	0.116217
airplane.txt,325	1	21383	0.276020
airplane.txt,326	1	21383	0.141272
airplane.txt,327	0	55354	0.225733
airplane.txt,328	2	67696	0.228556
airplane.txt,329	1	21383	0.152944
airplane.txt,330	2	67696	0.212638
airplane.txt,331	2	67696	0.362533
airplane.txt,332	0	55354	0.155898
airplane.txt,333	2	67696	0.192052
airplane.txt,334	2	67696	0.241487
airplane.txt,335	2	67696	0.197495
airplane.txt,336	2	67696	0.315376
airplane.txt,337	0	55354	0.299290
airplane.txt,338	2	67696	0.217675
airplane.txt,339	0	55354	0.159487
airplane.txt,340	0	55354	0.201012
airplane.txt,341	2	67696	0.256558
airplane.txt,342	2	67696	0.139640
airplane.txt,343	2	67696	0.310100
airplane.txt,344	1	21383	0.052895
airplane.txt,345	0	55354	0.203359
airplane.txt,346	0	55354	0.232630
airplane.txt,347	2	67696	0.226402
airplane.txt,348	2	67696	0.210884
airplane.txt,349	0	55354	0.143359
airplane.txt,350	2	67696	0.144288
airplane.txt,351	0	55354	0.205604
airplane.txt,352	1	21383	0.150732
airplane.txt,353	2	67696	0.133085
airplane.txt,354	2	67696	0.237268
airplane.txt,355	2	67696	0.198198
airplane.txt,356	0	55354	0.115146
airplane.txt,357	2	67696	0.207448
airplane.txt,358	0	55354	0.159361
airplane.txt,359	1	21383	0.193339
airplane.txt,360	0	55354	0.148585
airplane.txt,361	1	21383	0.148072
airplane.txt,362	2	67696	0.236631
airplane.txt,363	2	67696	0.105650
airplane.txt,364	0	55354	0.118591
airplane.txt,365	1	21383	0.107691
airplane.txt,366	2	67696	0.256342
airplane.txt,367	2	67696	0.097325
airplane.txt,368	2	67696	0.160469
airplane.txt,369	0	55354	0.172058
airplane.txt,370	0	55354	0.106454
airplane.txt,371	0	55354	0.167496
airplane.txt,372	1	21383	0.149207
airplane.txt,373	0	55354	0.218813
airplane.txt,374	0	55354	0.158253
airplane.txt,375	2	67696	0.128405
airplane.txt,376	2	67696	0.327897
airplane.txt,377	1	21383	0.098390
airplane.txt,378	1	21383	0.081992
airplane.txt,379	0	55354	0.292467
airplane.txt,380	2	67696	0.184916
airplane.txt,381	2	67696	0.166656
airplane.txt,382	0	55354	0.150386
airplane.txt,383	0	55354	0.172051
airplane.txt,384	0	55354	0.139531
airplane.txt,385	2	67696	0.123103
airplane.txt,386	0	55354	0.110361
airplane.txt,387	2	67696	0.274612
airplane.txt,388	2	67696	0.286390
airplane.txt,389	2	67696	0.240500
airplane.txt,390	0	55354	0.307212
airplane.txt,391	1	21383	0.076774
airplane.txt,392	0	55354	0.175521
airplane.txt,393	2	67696	0.238695
airplane.txt,394	0	55354	0.328756
airplane.txt,395	1	21383	0.100521
airplane.txt,396	0	55354	0.164499
airplane.txt,397	0	55354	0.158395
airplane.txt,398	0	55354	0.178086
airplane.txt,399	1	21383	0.171290
airplane.txt,400	0	55354	0.229453
airplane.txt,401	1	21383	0.140190
airplane.txt,402	0	55354	0.227315
airplane.txt,403	1	21383	0.223360
airplane.txt,404	0	55354	0.280182
airplane.txt,405	2	67696	0.304546
airplane.txt,406	0	55354	0.201619
airplane.txt,407	0	55354	0.159633
airplane.txt,408	0	55354	0.182445
airplane.txt,409	0	55354	0.122385
airplane.txt,410	2	67696	0.267479
airplane.txt,411	2	67696	0.239083
airplane.txt,412	2	67696	0.300853
airplane.txt,413	1	21383	0.087218
airplane.txt,414	0	55354	0.246617
airplane.txt,415	2	67696	0.193061
airplane.txt,416	2	67696	0.233009
airplane.txt,417	0	55354	0.142476
airplane.txt,418	0	55354	0.140362
airplane.txt,419	2	67696	0.219993
airplane.txt,420	2	67696	0.225844
airplane.txt,421	0	55354	0.148513
airplane.txt,422	2	67696	0.207439
airplane.txt,423	2	67696	0.164439
airplane.txt,424	2	67696	0.308368
airplane.txt,425	0	55354	0.194397
airplane.txt,426	2	67696	0.247827
airplane.txt,427	2	67696	0.248141
airplane.txt,428	0	55354	0.191709
airplane.txt,429	1	21383	0.230267
airplane.txt,430	0	55354	0.288281
airplane.txt,431	0	55354	0.120601
airplane.txt,432	0	55354	0.316525
airplane.txt,433	2	67696	0.143481
airplane.txt,434	1	21383	0.099569
airplane.txt,435	1	21383	0.139663
airplane.txt,436	0	55354	0.153495
airplane.txt,437	2	67696	0.210442
airplane.txt,438	0	55354	0.140319
airplane.txt,439	2	67696	0.201884
airplane.txt,440	0	55354	0.158933
airplane.txt,441	2	67696	0.235628
airplane.txt,442	2	67696	0.113447
airplane.txt,443	0	55354	0.164546
airplane.txt,444	0	55354	0.214637
airplane.txt,445	0	55354	0.171079
airplane.txt,446	0	55354	0.123301
airplane.txt,447	1	21383	0.123848
airplane.txt,448	2	67696	0.207560
airplane.txt,449	2	67696	0.198580
airplane.txt,450	0	55354	0.189617
airplane.txt,451	1	21383	0.035829
airplane.txt,452	2	67696	0.195749
airplane.txt,453	0	55354	0.332564
airplane.txt,454	0	55354	0.372211
airplane.txt,455	0	55354	0.203417
airplane.txt,456	2	67696	0.096881
airplane.txt,457	2	67696	0.212737
airplane.txt,458	0	55354	0.126236
airplane.txt,459	2	67696	0.179243
airplane.txt,460	2	67696	0.229107
airplane.txt,461	2	67696	0.185518
airplane.txt,462	1	21383	0.126114
airplane.txt,463	2	67696	0.423692
airplane.txt,464	2	67696	0.260389
airplane.txt,465	2	67696	0.329237
airplane.txt,466	2	67696	0.264636
airplane.txt,467	2	67696	0.171158
airplane.txt,468	2	67696	0.206791
airplane.txt,469	2	67696	0.113673
airplane.txt,470	1	21383	0.112328
airplane.txt,471	2	67696	0.137448
airplane.txt,472	0	55354	0.142890
airplane.txt,473	0	55354	0.182808
airplane.txt,474	2	67696	0.200998
airplane.txt,475	0	55354	0.201037
airplane.txt,476	0	55354	0.186859
airplane.txt,477	2	67696	0.223204
airplane.txt,478	0	55354	0.234755
airplane.txt,479	0	55354	0.185104
airplane.txt,480	1	21383	0.274809
airplane.txt,481	0	55354	0.267617
airplane.txt,482	2	67696	0.151262
airplane.txt,483	1	21383	0.105029
airplane.txt,484	2	67696	0.296907
airplane.txt,485	2	67696	0.226132
airplane.txt,486	1	21383	0.105764
airplane.txt,487	1	21383	0.082609
airplane.txt,488	0	55354	0.204545
airplane.txt,489	2	67696	0.165347
airplane.txt,490	2	67696	0.111704
airplane.txt,491	2	67696	0.138009
airplane.txt,492	2	67696	0.230494
airplane.txt,493	2	67696	0.289230
airplane.txt,494	2	67696	0.185264
airplane.txt,495	0	55354	0.263096
airplane.txt,496	0	55354	0.302053
airplane.txt,497	0	55354	0.240290
airplane.txt,498	0	55354	0.154234
airplane.txt,499	2	67696	0.184287
airplane.txt,500	0	55354	0.102361
airplane.txt,501	2	67696	0.176253
airplane.txt,502	2	67696	0.188014
airplane.txt,503	0	55354	0.144321
airplane.txt,504	0	55354	0.209022
airplane.txt,505	2	67696	0.280074
airplane.txt,506	2	67696	0.082607
airplane.txt,507	0	55354	0.278748
airplane.txt,508	2	67696	0.088522
airplane.txt,509	2	67696	0.205283
airplane.txt,510	0	55354	0.112468
airplane.txt,511	0	55354	0.163608
airplane.txt,512	0	55354	0.151035
airplane.txt,513	1	21383	0.122684
airplane.txt,514	0	55354	0.128600
airplane.txt,515	2	67696	0.283159
airplane.txt,516	0	55354	0.219913
airplane.txt,517	2	67696	0.213067
airplane.txt,518	2	67696	0.148464
airplane.txt,519	2	67696	0.186102
airplane.txt,520	2	67696	0.191677
airplane.txt,521	0	55354	0.197597
airplane.txt,522	2	67696	0.232850
airplane.txt,523	1	21383	0.047484
airplane.txt,524	1	21383	0.098788
airplane.txt,525	1	21383	0.159620
airplane.txt,526	0	55354	0.116777
airplane.txt,527	0	55354	0.200016
airplane.txt,528	2	67696	0.248907
airplane.txt,529	0	55354	0.285988
airplane.txt,530	0	55354	0.186571
airplane.txt,531	2	67696	0.275823
airplane.txt,532	0	55354	0.158515
airplane.txt,533	2	67696	0.242871
airplane.txt,534	2	67696	0.203416
airplane.txt,535	0	55354	0.236697
airplane.txt,536	2	67696	0.173274
airplane.txt,537	0	55354	0.160772
airplane.txt,538	0	55354	0.222602
airplane.txt,539	2	67696	0.134095
airplane.txt,540	0	55354	0.221440
airplane.txt,541	2	67696	0.180137
airplane.txt,542	0	55354	0.146441
airplane.txt,543	1	21383	0.110278
airplane.txt,544	2	67696	0.156417
airplane.txt,545	0	55354	0.105852
airplane.txt,546	0	55354	0.202480
airplane.txt,547	0	55354	0.234097
airplane.txt,548	0	55354	0.109613
airplane.txt,549	0	55354	0.108173
airplane.txt,550	0	55354	0.160664
airplane.txt,551	2	67696	0.260157
airplane.txt,552	1	21383	0.102278
airplane.txt,553	2	67696	0.268854
airplane.txt,554	2	67696	0.138953
airplane.txt,555	0	55354	0.141751
airplane.txt,556	0	55354	0.094630
airplane.txt,557	0	55354	0.192441
airplane.txt,558	2	67696	0.273159
airplane.txt,559	0	55354	0.156158
airplane.txt,560	1	21383	0.098558
airplane.txt,561	0	55354	0.108765
airplane.txt,562	0	55354	0.273564
airplane.txt,563	1	21383	0.117134
airplane.txt,564	2	67696	0.114678
airplane.txt,565	0	55354	0.166511
airplane.txt,566	0	55354	0.255386
airplane.txt,567	2	67696	0.169674
airplane.txt,568	2	67696	0.163959
airplane.txt,569	2	67696	0.202558
airplane.txt,570	2	67696	0.246467
airplane.txt,571	0	55354	0.223835
airplane.txt,572	2	67696	0.188498
airplane.txt,573	0	55354	0.219517
airplane.txt,574	2	67696	0.195397
airplane.txt,575	0	55354	0.159706
airplane.txt,576	1	21383	0.198574
airplane.txt,577	0	55354	0.209948
airplane.txt,578	0	55354	0.109558
airplane.txt,579	2	67696	0.109818
airplane.txt,580	2	67696	0.102836
airplane.txt,581	2	67696	0.246349
airplane.txt,582	0	55354	0.151995
airplane.txt,583	2	67696	0.273103
airplane.txt,584	0	55354	0.104484
airplane.txt,585	2	67696	0.212282
airplane.txt,586	2	67696	0.178324
airplane.txt,587	2	67696	0.203515
airplane.txt,588	0	55354	0.257955
airplane.txt,589	2	67696	0.139722
airplane.txt,590	1	21383	0.150605
airplane.txt,591	0	55354	0.148926
airplane.txt,592	1	21383	0.217830
airplane.txt,593	0	55354	0.207425
airplane.txt,594	0	55354	0.187132
airplane.txt,595	1	21383	0.170079
airplane.txt,596	0	55354	0.159804
airplane.txt,597	2	67696	0.154289
airplane.txt,598	0	55354	0.309238
airplane.txt,599	2	67696	0.272526
airplane.txt,600	0	55354	0.086257
airplane.txt,601	2	67696	0.284702
airplane.txt,602	0	55354	0.171465
airplane.txt,603	2	67696	0.192586
airplane.txt,604	0	55354	0.241634
airplane.txt,605	2	67696	0.220846
airplane.txt,606	2	67696	0.232920
airplane.txt,607	2	67696	0.130291
airplane.txt,608	2	67696	0.122166
airplane.txt,609	2	67696	0.154494
airplane.txt,610	2	67696	0.143630
airplane.txt,611	2	67696	0.168548
airplane.txt,612	1	21383	0.172421
airplane.txt,613	2	67696	0.150820
airplane.txt,614	1	21383	0.161442
airplane.txt,615	0	55354	0.170177
airplane.txt,616	1	21383	0.249770
airplane.txt,617	0	55354	0.155039
airplane.txt,618	2	67696	0.192405
airplane.txt,619	0	55354	0.169426
airplane.txt,620	2	67696	0.151788
airplane.txt,621	2	67696	0.219875
airplane.txt,622	1	21383	0.107861
airplane.txt,623	0	55354	0.188358
airplane.txt,624	1	21383	0.152340
airplane.txt,625	0	55354	0.136032
airplane.txt,626	2	67696	0.248551
airplane.txt,627	2	67696	0.141297
airplane.txt,628	2	67696	0.167916
airplane.txt,629	0	55354	0.208939
airplane.txt,630	2	67696	0.195683
airplane.txt,631	1	21383	0.071667
airplane.txt,632	2	67696	0.281853
airplane.txt,633	0	55354	0.129020
airplane.txt,634	0	55354	0.163612
airplane.txt,635	2	67696	0.229870
airplane.txt,636	2	67696	0.189842
airplane.txt,637	2	67696	0.195835
airplane.txt,638	2	67696	0.243966
airplane.txt,639	0	55354	0.170848
airplane.txt,640	1	21383	0.252385
airplane.txt,641	0	55354	0.144481
airplane.txt,642	0	55354	0.182529
airplane.txt,643	0	55354	0.481038
airplane.txt,644	1	21383	0.093302
airplane.txt,645	2	67696	0.242221
airplane.txt,646	0	55354	0.186417
airplane.txt,647	0	55354	0.101968
airplane.txt,648	2	67696	0.312761
airplane.txt,649	0	55354	0.155931
airplane.txt,650	2	67696	0.343262
airplane.txt,651	2	67696	0.180475
airplane.txt,652	2	67696	0.191107
airplane.txt,653	1	21383	0.098432
airplane.txt,654	2	67696	0.168736
airplane.txt,655	1	21383	0.159216
airplane.txt,656	0	55354	0.185035
airplane.txt,657	0	55354	0.130476
airplane.txt,658	2	67696	0.172945
airplane.txt,659	2	67696	0.188384
airplane.txt,660	0	55354	0.116471
airplane.txt,661	1	21383	0.276151
airplane.txt,662	0	55354	0.229130
airplane.txt,663	0	55354	0.196588
airplane.txt,664	2	67696	0.364239
airplane.txt,665	2	67696	0.172215
airplane.txt,666	2	67696	0.111758
airplane.txt,667	0	55354	0.171497
airplane.txt,668	0	55354	0.106011
airplane.txt,669	0	55354	0.171948
airplane.txt,670	2	67696	0.146406
airplane.txt,671	0	55354	0.166977
airplane.txt,672	1	21383	0.133201
airplane.txt,673	2	67696	0.196684
airplane.txt,674	0	55354	0.224896
airplane.txt,675	2	67696	0.133046
airplane.txt,676	2	67696	0.226467
airplane.txt,677	0	55354	0.234664
airplane.txt,678	2	67696	0.282211
airplane.txt,679	1	21383	0.228322
airplane.txt,680	1	21383	0.259788
airplane.txt,681	2	67696	0.105587
airplane.txt,682	2	67696	0.394350
airplane.txt,683	0	55354	0.172481
airplane.txt,684	0	55354	0.181112
airplane.txt,685	1	21383	0.118280
airplane.txt,686	0	55354	0.172602
airplane.txt,687	2	67696	0.151407
airplane.txt,688	0	55354	0.425674
airplane.txt,689	2	67696	0.216559
airplane.txt,690	0	55354	0.158483
airplane.txt,691	2	67696	0.252575
airplane.txt,692	2	67696	0.104831
airplane.txt,693	0	55354	0.161026
airplane.txt,694	0	55354	0.091631
airplane.txt,695	2	67696	0.128326
airplane.txt,696	2	67696	0.279785
airplane.txt,697	2	67696	0.137963
airplane.txt,698	2	67696	0.143442
airplane.txt,699	0	55354	0.132008
airplane.txt,700	0	55354	0.237292
airplane.txt,701	2	67696	0.174813
airplane.txt,702	1	21383	0.175393
airplane.txt,703	1	21383	0.179039
airplane.txt,704	2	67696	0.182477
airplane.txt,705	0	55354	0.169339
airplane.txt,706	2	67696	0.220236
airplane.txt,707	2	67696	0.295719
airplane.txt,708	0	55354	0.124408
airplane.txt,709	2	67696	0.129213
airplane.txt,710	0	55354	0.128248
airplane.txt,711	2	67696	0.175520
airplane.txt,712	0	55354	0.283367
airplane.txt,713	2	67696	0.282515
airplane.txt,714	2	67696	0.184792
airplane.txt,715	2	67696	0.244892
airplane.txt,716	2	67696	0.240410
airplane.txt,717	2	67696	0.251089
airplane.txt,718	0	55354	0.190328
airplane.txt,719	2	67696	0.115290
airplane.txt,720	2	67696	0.091746
airplane.txt,721	2	67696	0.151263
airplane.txt,722	2	67696	0.283592
airplane.txt,723	0	55354	0.211967
airplane.txt,724	1	21383	0.175025
airplane.txt,725	1	21383	0.276321
airplane.txt,726	0	55354	0.104924
airplane.txt,727	2	67696	0.257743
airplane.txt,728	0	55354	0.166271
airplane.txt,729	1	21383	0.098744
airplane.txt,730	0	55354	0.229747
airplane.txt,731	0	55354	0.192049
airplane.txt,732	0	55354	0.123088
airplane.txt,733	2	67696	0.235660
airplane.txt,734	0	55354	0.117312
airplane.txt,735	0	55354	0.130949
airplane.txt,736	0	55354	0.157951
airplane.txt,737	0	55354	0.142851
airplane.txt,738	2	67696	0.151221
airplane.txt,739	0	55354	0.156509
airplane.txt,740	0	55354	0.181732
airplane.txt,741	2	67696	0.137081
airplane.txt,742	0	55354	0.228820
airplane.txt,743	0	55354	0.156842
airplane.txt,744	2	67696	0.232325
airplane.txt,745	2	67696	0.288880
airplane.txt,746	0	55354	0.119264
airplane.txt,747	1	21383	0.178678
airplane.txt,748	2	67696	0.282878
airplane.txt,749	1	21383	0.171679
airplane.txt,750	1	21383	0.164440
airplane.txt,751	2	67696	0.268377
airplane.txt,752	1	21383	0.168778
airplane.txt,753	0	55354	0.132553
airplane.txt,754	2	67696	0.194317
airplane.txt,755	2	67696	0.311072
airplane.txt,756	0	55354	0.234457
airplane.txt,757	0	55354	0.142180
airplane.txt,758	2	67696	0.206663
airplane.txt,759	2	67696	0.126105
airplane.txt,760	0	55354	0.249004
airplane.txt,761	0	55354	0.407563
airplane.txt,762	0	55354	0.139585
airplane.txt,763	2	67696	0.253119
airplane.txt,764	2	67696	0.175760
airplane.txt,765	0	55354	0.151630
airplane.txt,766	2	67696	0.187852
airplane.txt,767	0	55354	0.118925
airplane.txt,768	2	67696	0.297506
airplane.txt,769	1	21383	0.188139
airplane.txt,770	2	67696	0.248807
airplane.txt,771	0	55354	0.097291
airplane.txt,772	2	67696	0.099002
airplane.txt,773	2	67696	0.256745
airplane.txt,774	2	67696	0.164302
airplane.txt,775	2	67696	0.244974
airplane.txt,776	2	67696	0.292002
airplane.txt,777	2	67696	0.287894
airplane.txt,778	2	67696	0.254389
airplane.txt,779	2	67696	0.274174
airplane.txt,780	2	67696	0.280250
airplane.txt,781	2	67696	0.233471
airplane.txt,782	0	55354	0.104084
airplane.txt,783	2	67696	0.136237
airplane.txt,784	0	55354	0.239863
airplane.txt,785	2	67696	0.205601
airplane.txt,786	0	55354	0.149108
airplane.txt,787	0	55354	0.144373
airplane.txt,788	0	55354	0.120907
airplane.txt,789	0	55354	0.066277
airplane.txt,790	1	21383	0.175323
airplane.txt,791	2	67696	0.298245
airplane.txt,792	1	21383	0.076607
airplane.txt,793	0	55354	0.131947
airplane.txt,794	2	67696	0.211636
airplane.txt,795	0	55354	0.252319
airplane.txt,796	2	67696	0.221170
airplane.txt,797	0	55354	0.116949
airplane.txt,798	2	67696	0.307962
airplane.txt,799	0	55354	0.330697
airplane.txt,800	0	55354	0.298917
airplane.txt,801	0	55354	0.108648
airplane.txt,802	0	55354	0.176443
airplane.txt,803	1	21383	0.098215
airplane.txt,804	2	67696	0.249775
airplane.txt,805	0	55354	0.152163
airplane.txt,806	1	21383	0.184173
airplane.txt,807	0	55354	0.204361
airplane.txt,808	1	21383	0.085471
airplane.txt,809	2	67696	0.183715
airplane.txt,810	2	67696	0.380377
airplane.txt,811	2	67696	0.155991
airplane.txt,812	0	55354	0.155854
airplane.txt,813	0	55354	0.124379
airplane.txt,814	0	55354	0.236448
airplane.txt,815	2	67696	0.125421
airplane.txt,816	1	21383	0.084083
airplane.txt,817	2	67696	0.157133
airplane.txt,818	2	67696	0.141860
airplane.txt,819	0	55354	0.163302
airplane.txt,820	2	67696	0.133879
airplane.txt,821	2	67696	0.139242
airplane.txt,822	0	55354	0.125490
airplane.txt,823	0	55354	0.339220
airplane.txt,824	2	67696	0.069325
airplane.txt,825	0	55354	0.193414
airplane.txt,826	0	55354	0.137575
airplane.txt,827	2	67696	0.112808
airplane.txt,828	2	67696	0.123329
airplane.txt,829	1	21383	0.274867
airplane.txt,830	2	67696	0.117300
airplane.txt,831	0	55354	0.111222
airplane.txt,832	2	67696	0.173484
airplane.txt,833	1	21383	0.207920
airplane.txt,834	1	21383	0.154456
airplane.txt,835	2	67696	0.256167
airplane.txt,836	0	55354	0.134596
airplane.txt,837	2	67696	0.199323
airplane.txt,838	0	55354	0.153933
airplane.txt,839	1	21383	0.078141
airplane.txt,840	2	67696	0.242424
airplane.txt,841	0	55354	0.177911
airplane.txt,842	2	67696	0.095242
airplane.txt,843	2	67696	0.242080
airplane.txt,844	2	67696	0.085280
airplane.txt,845	1	21383	0.197151
airplane.txt,846	0	55354	0.165583
airplane.txt,847	2	67696	0.135827
airplane.txt,848	0	55354	0.173133
airplane.txt,849	2	67696	0.255114
airplane.txt,850	2	67696	0.204311
airplane.txt,851	2	67696	0.203919
airplane.txt,852	0	55354	0.139330
airplane.txt,853	2	67696	0.229354
airplane.txt,854	0	55354	0.184116
