abs.txt,0	0	55354	0.271686
abs.txt,1	0	55354	0.239896
abs.txt,2	0	55354	0.144201
abs.txt,3	0	55354	0.188815
abs.txt,4	0	55354	0.167458
abs.txt,5	1	21383	0.129179
abs.txt,6	0	55354	0.315063
abs.txt,7	1	21383	0.223225
abs.txt,8	0	55354	0.271877
abs.txt,9	1	21383	0.133549
abs.txt,10	0	55354	0.107022
abs.txt,11	0	55354	0.171343
abs.txt,12	0	55354	0.163148
abs.txt,13	0	55354	0.162003
abs.txt,14	0	55354	0.219909
abs.txt,15	0	55354	0.177091
abs.txt,16	0	55354	0.238969
abs.txt,17	0	55354	0.208757
abs.txt,18	2	67696	0.217607
abs.txt,19	0	55354	0.181118
abs.txt,20	0	55354	0.187790
abs.txt,21	2	67696	0.200182
abs.txt,22	0	55354	0.153354
abs.txt,23	0	55354	0.125952
abs.txt,24	0	55354	0.099454
abs.txt,25	0	55354	0.120094
abs.txt,26	0	55354	0.172400
abs.txt,27	0	55354	0.246458
abs.txt,28	0	55354	0.155303
abs.txt,29	0	55354	0.177614
abs.txt,30	0	55354	0.245223
abs.txt,31	0	55354	0.160902
abs.txt,32	0	55354	0.177363
abs.txt,33	1	21383	0.148766
abs.txt,34	1	21383	0.093278
abs.txt,35	0	55354	0.140601
abs.txt,36	0	55354	0.153319
abs.txt,37	0	55354	0.225844
abs.txt,38	2	67696	0.238862
abs.txt,39	2	67696	0.143299
abs.txt,40	0	55354	0.250682
abs.txt,41	1	21383	0.104824
abs.txt,42	0	55354	0.264986
abs.txt,43	0	55354	0.195082
abs.txt,44	2	67696	0.201286
abs.txt,45	0	55354	0.164444
abs.txt,46	0	55354	0.170421
abs.txt,47	0	55354	0.315901
abs.txt,48	0	55354	0.119934
abs.txt,49	2	67696	0.202391
abs.txt,50	0	55354	0.254601
abs.txt,51	0	55354	0.133159
abs.txt,52	0	55354	0.174517
abs.txt,53	0	55354	0.148364
abs.txt,54	0	55354	0.100904
abs.txt,55	1	21383	0.093773
abs.txt,56	0	55354	0.178708
abs.txt,57	0	55354	0.171722
abs.txt,58	0	55354	0.136790
abs.txt,59	0	55354	0.171975
abs.txt,60	0	55354	0.124643
abs.txt,61	0	55354	0.168643
abs.txt,62	0	55354	0.190261
abs.txt,63	0	55354	0.158992
abs.txt,64	0	55354	0.181423
abs.txt,65	0	55354	0.185571
abs.txt,66	1	21383	0.180570
abs.txt,67	1	21383	0.227463
abs.txt,68	0	55354	0.173115
abs.txt,69	0	55354	0.166514
abs.txt,70	0	55354	0.254094
abs.txt,71	0	55354	0.125139
abs.txt,72	0	55354	0.142518
abs.txt,73	0	55354	0.213796
abs.txt,74	2	67696	0.121271
abs.txt,75	0	55354	0.191265
abs.txt,76	2	67696	0.072897
abs.txt,77	0	55354	0.109383
abs.txt,78	0	55354	0.196566
abs.txt,79	0	55354	0.366522
abs.txt,80	0	55354	0.170438
abs.txt,81	0	55354	0.153334
abs.txt,82	1	21383	0.198983
abs.txt,83	0	55354	0.068803
abs.txt,84	2	67696	0.117094
abs.txt,85	0	55354	0.117053
abs.txt,86	0	55354	0.198955
abs.txt,87	0	55354	0.222719
abs.txt,88	0	55354	0.190494
abs.txt,89	0	55354	0.127094
abs.txt,90	0	55354	0.092809
abs.txt,91	0	55354	0.186137
abs.txt,92	0	55354	0.128354
abs.txt,93	0	55354	0.288562
abs.txt,94	0	55354	0.179741
abs.txt,95	0	55354	0.260437
abs.txt,96	2	67696	0.158601
abs.txt,97	0	55354	0.117220
abs.txt,98	0	55354	0.145871
abs.txt,99	2	67696	0.165280
abs.txt,100	1	21383	0.165596
abs.txt,101	1	21383	0.063148
abs.txt,102	2	67696	0.109348
abs.txt,103	1	21383	0.224702
abs.txt,104	0	55354	0.259559
abs.txt,105	0	55354	0.111555
abs.txt,106	2	67696	0.180194
abs.txt,107	0	55354	0.153413
abs.txt,108	0	55354	0.219008
abs.txt,109	2	67696	0.142549
abs.txt,110	1	21383	0.157393
abs.txt,111	0	55354	0.269341
abs.txt,112	1	21383	0.099616
abs.txt,113	0	55354	0.135742
abs.txt,114	1	21383	0.148626
abs.txt,115	2	67696	0.154988
abs.txt,116	0	55354	0.175183
abs.txt,117	0	55354	0.249463
abs.txt,118	0	55354	0.156079
abs.txt,119	0	55354	0.153024
abs.txt,120	2	67696	0.146414
abs.txt,121	2	67696	0.175275
abs.txt,122	0	55354	0.205510
abs.txt,123	0	55354	0.155638
abs.txt,124	0	55354	0.183076
abs.txt,125	2	67696	0.176192
abs.txt,126	0	55354	0.114596
abs.txt,127	1	21383	0.137454
abs.txt,128	0	55354	0.250522
abs.txt,129	0	55354	0.144686
abs.txt,130	0	55354	0.144415
abs.txt,131	0	55354	0.190490
abs.txt,132	0	55354	0.165834
abs.txt,133	0	55354	0.207473
abs.txt,134	1	21383	0.093736
abs.txt,135	2	67696	0.233012
abs.txt,136	0	55354	0.317539
abs.txt,137	0	55354	0.170268
abs.txt,138	0	55354	0.193893
abs.txt,139	0	55354	0.088300
abs.txt,140	2	67696	0.161058
abs.txt,141	0	55354	0.152273
abs.txt,142	0	55354	0.129880
abs.txt,143	2	67696	0.143245
abs.txt,144	0	55354	0.158928
abs.txt,145	0	55354	0.139997
abs.txt,146	2	67696	0.152801
abs.txt,147	0	55354	0.162071
abs.txt,148	2	67696	0.113226
abs.txt,149	0	55354	0.144922
abs.txt,150	2	67696	0.148654
abs.txt,151	0	55354	0.144208
abs.txt,152	0	55354	0.179000
abs.txt,153	2	67696	0.246774
abs.txt,154	2	67696	0.146845
abs.txt,155	2	67696	0.224892
abs.txt,156	0	55354	0.180166
abs.txt,157	0	55354	0.190831
abs.txt,158	0	55354	0.109578
abs.txt,159	0	55354	0.187264
abs.txt,160	1	21383	0.135287
abs.txt,161	2	67696	0.139065
abs.txt,162	0	55354	0.247493
abs.txt,163	0	55354	0.185980
abs.txt,164	1	21383	0.147961
abs.txt,165	0	55354	0.154567
abs.txt,166	0	55354	0.263089
abs.txt,167	0	55354	0.247960
abs.txt,168	1	21383	0.093509
abs.txt,169	0	55354	0.126960
abs.txt,170	0	55354	0.119948
abs.txt,171	2	67696	0.356078
abs.txt,172	1	21383	0.247542
abs.txt,173	2	67696	0.197470
abs.txt,174	0	55354	0.117410
abs.txt,175	1	21383	0.172328
abs.txt,176	0	55354	0.205526
abs.txt,177	2	67696	0.160363
abs.txt,178	0	55354	0.148143
abs.txt,179	2	67696	0.170360
abs.txt,180	2	67696	0.082464
abs.txt,181	0	55354	0.232588
abs.txt,182	0	55354	0.152680
abs.txt,183	0	55354	0.151574
abs.txt,184	0	55354	0.229016
abs.txt,185	2	67696	0.121244
abs.txt,186	1	21383	0.186662
abs.txt,187	2	67696	0.194515
abs.txt,188	0	55354	0.105324
abs.txt,189	1	21383	0.183206
abs.txt,190	0	55354	0.194854
abs.txt,191	0	55354	0.098656
abs.txt,192	2	67696	0.190682
abs.txt,193	0	55354	0.225992
abs.txt,194	0	55354	0.146342
abs.txt,195	0	55354	0.174575
abs.txt,196	0	55354	0.143384
abs.txt,197	0	55354	0.179968
abs.txt,198	2	67696	0.197993
abs.txt,199	0	55354	0.119158
abs.txt,200	2	67696	0.165176
abs.txt,201	0	55354	0.087398
abs.txt,202	1	21383	0.070222
abs.txt,203	2	67696	0.144659
abs.txt,204	2	67696	0.089747
abs.txt,205	0	55354	0.195286
abs.txt,206	0	55354	0.240693
abs.txt,207	0	55354	0.138695
abs.txt,208	2	67696	0.226105
abs.txt,209	0	55354	0.128591
abs.txt,210	0	55354	0.162928
abs.txt,211	0	55354	0.189310
abs.txt,212	0	55354	0.116936
abs.txt,213	1	21383	0.051060
abs.txt,214	2	67696	0.128673
abs.txt,215	0	55354	0.242377
abs.txt,216	0	55354	0.196965
abs.txt,217	0	55354	0.113479
abs.txt,218	0	55354	0.238990
abs.txt,219	1	21383	0.157063
abs.txt,220	0	55354	0.251054
abs.txt,221	0	55354	0.245840
abs.txt,222	0	55354	0.151055
abs.txt,223	0	55354	0.242294
abs.txt,224	0	55354	0.179059
abs.txt,225	2	67696	0.236531
abs.txt,226	0	55354	0.391356
abs.txt,227	2	67696	0.156601
abs.txt,228	0	55354	0.177746
abs.txt,229	0	55354	0.184162
abs.txt,230	0	55354	0.191631
abs.txt,231	2	67696	0.181983
abs.txt,232	0	55354	0.264622
abs.txt,233	0	55354	0.185333
abs.txt,234	2	67696	0.321994
abs.txt,235	1	21383	0.119317
abs.txt,236	2	67696	0.145777
abs.txt,237	1	21383	0.138737
abs.txt,238	2	67696	0.160079
abs.txt,239	0	55354	0.143780
abs.txt,240	0	55354	0.192474
abs.txt,241	0	55354	0.280406
abs.txt,242	0	55354	0.204242
abs.txt,243	0	55354	0.309860
abs.txt,244	0	55354	0.306523
abs.txt,245	0	55354	0.180804
abs.txt,246	2	67696	0.230260
abs.txt,247	2	67696	0.184477
abs.txt,248	0	55354	0.133442
abs.txt,249	0	55354	0.193816
abs.txt,250	2	67696	0.099174
abs.txt,251	0	55354	0.119934
abs.txt,252	0	55354	0.160089
abs.txt,253	0	55354	0.387136
abs.txt,254	0	55354	0.109313
abs.txt,255	0	55354	0.171092
abs.txt,256	1	21383	0.190151
abs.txt,257	2	67696	0.156870
abs.txt,258	0	55354	0.123054
abs.txt,259	0	55354	0.089227
abs.txt,260	2	67696	0.228239
abs.txt,261	2	67696	0.143463
abs.txt,262	0	55354	0.319157
abs.txt,263	2	67696	0.178862
abs.txt,264	0	55354	0.169041
abs.txt,265	0	55354	0.240430
abs.txt,266	2	67696	0.177423
abs.txt,267	0	55354	0.162863
abs.txt,268	1	21383	0.253478
abs.txt,269	1	21383	0.122961
abs.txt,270	0	55354	0.135311
abs.txt,271	0	55354	0.187945
abs.txt,272	1	21383	0.135667
abs.txt,273	2	67696	0.213044
abs.txt,274	2	67696	0.097857
abs.txt,275	2	67696	0.172693
abs.txt,276	1	21383	0.111648
abs.txt,277	2	67696	0.086971
abs.txt,278	0	55354	0.480169
abs.txt,279	0	55354	0.136820
abs.txt,280	0	55354	0.097464
abs.txt,281	0	55354	0.171543
abs.txt,282	0	55354	0.149384
abs.txt,283	0	55354	0.147895
abs.txt,284	0	55354	0.151871
abs.txt,285	0	55354	0.152882
abs.txt,286	0	55354	0.189489
abs.txt,287	0	55354	0.159800
abs.txt,288	1	21383	0.106527
abs.txt,289	0	55354	0.228397
abs.txt,290	2	67696	0.171481
abs.txt,291	0	55354	0.093119
abs.txt,292	0	55354	0.126072
abs.txt,293	0	55354	0.174881
abs.txt,294	2	67696	0.117183
abs.txt,295	0	55354	0.232167
abs.txt,296	0	55354	0.110401
abs.txt,297	0	55354	0.173831
abs.txt,298	2	67696	0.198093
abs.txt,299	2	67696	0.204213
abs.txt,300	0	55354	0.206973
abs.txt,301	0	55354	0.176203
abs.txt,302	1	21383	0.178624
abs.txt,303	1	21383	0.158467
abs.txt,304	0	55354	0.084863
abs.txt,305	0	55354	0.175576
abs.txt,306	0	55354	0.113188
abs.txt,307	0	55354	0.226944
abs.txt,308	0	55354	0.136213
abs.txt,309	2	67696	0.202875
abs.txt,310	0	55354	0.212467
abs.txt,311	2	67696	0.164465
abs.txt,312	0	55354	0.087759
abs.txt,313	1	21383	0.061883
abs.txt,314	0	55354	0.155818
abs.txt,315	1	21383	0.276851
abs.txt,316	2	67696	0.191124
abs.txt,317	0	55354	0.146894
abs.txt,318	0	55354	0.126223
abs.txt,319	0	55354	0.104832
abs.txt,320	0	55354	0.127135
abs.txt,321	2	67696	0.116224
abs.txt,322	0	55354	0.178933
abs.txt,323	0	55354	0.127748
abs.txt,324	0	55354	0.143846
abs.txt,325	1	21383	0.219263
abs.txt,326	2	67696	0.159562
abs.txt,327	0	55354	0.098562
abs.txt,328	0	55354	0.263953
abs.txt,329	1	21383	0.276839
abs.txt,330	0	55354	0.116567
abs.txt,331	2	67696	0.122050
abs.txt,332	1	21383	0.214383
abs.txt,333	0	55354	0.137575
abs.txt,334	0	55354	0.143840
abs.txt,335	0	55354	0.120653
abs.txt,336	0	55354	0.108992
abs.txt,337	0	55354	0.114167
abs.txt,338	0	55354	0.215011
abs.txt,339	0	55354	0.175982
abs.txt,340	0	55354	0.147767
abs.txt,341	1	21383	0.141015
abs.txt,342	1	21383	0.152615
abs.txt,343	0	55354	0.100894
abs.txt,344	0	55354	0.136469
abs.txt,345	1	21383	0.149243
abs.txt,346	0	55354	0.122826
abs.txt,347	1	21383	0.144180
abs.txt,348	2	67696	0.244435
abs.txt,349	1	21383	0.217087
abs.txt,350	1	21383	0.120018
abs.txt,351	2	67696	0.171758
abs.txt,352	2	67696	0.181179
abs.txt,353	0	55354	0.307947
abs.txt,354	0	55354	0.158326
abs.txt,355	0	55354	0.193988
abs.txt,356	0	55354	0.216946
abs.txt,357	1	21383	0.107682
abs.txt,358	0	55354	0.102370
abs.txt,359	2	67696	0.249924
abs.txt,360	0	55354	0.217599
abs.txt,361	0	55354	0.311377
abs.txt,362	2	67696	0.147404
abs.txt,363	0	55354	0.233676
abs.txt,364	0	55354	0.281634
abs.txt,365	1	21383	0.159051
abs.txt,366	2	67696	0.122984
abs.txt,367	0	55354	0.166501
abs.txt,368	0	55354	0.176965
abs.txt,369	2	67696	0.129865
abs.txt,370	1	21383	0.195073
abs.txt,371	0	55354	0.133910
abs.txt,372	0	55354	0.239586
abs.txt,373	0	55354	0.171002
abs.txt,374	2	67696	0.118776
abs.txt,375	0	55354	0.167463
abs.txt,376	2	67696	0.106623
abs.txt,377	0	55354	0.144526
abs.txt,378	0	55354	0.137039
abs.txt,379	0	55354	0.193574
abs.txt,380	0	55354	0.131344
abs.txt,381	1	21383	0.276202
abs.txt,382	2	67696	0.194856
abs.txt,383	1	21383	0.057016
abs.txt,384	0	55354	0.142740
abs.txt,385	0	55354	0.292771
abs.txt,386	1	21383	0.275965
abs.txt,387	0	55354	0.128411
abs.txt,388	0	55354	0.154131
abs.txt,389	0	55354	0.109954
abs.txt,390	0	55354	0.118489
abs.txt,391	0	55354	0.189798
abs.txt,392	1	21383	0.123853
abs.txt,393	0	55354	0.129347
abs.txt,394	0	55354	0.140360
abs.txt,395	1	21383	0.153171
abs.txt,396	0	55354	0.306946
abs.txt,397	1	21383	0.062939
abs.txt,398	0	55354	0.161591
abs.txt,399	0	55354	0.206290
abs.txt,400	2	67696	0.144188
abs.txt,401	0	55354	0.127516
abs.txt,402	1	21383	0.064022
abs.txt,403	2	67696	0.198248
abs.txt,404	0	55354	0.124222
abs.txt,405	0	55354	0.151251
abs.txt,406	0	55354	0.139782
abs.txt,407	1	21383	0.124208
abs.txt,408	0	55354	0.228392
abs.txt,409	0	55354	0.105875
abs.txt,410	0	55354	0.119277
abs.txt,411	0	55354	0.131015
abs.txt,412	2	67696	0.193877
abs.txt,413	1	21383	0.172318
abs.txt,414	2	67696	0.148154
abs.txt,415	0	55354	0.114836
abs.txt,416	0	55354	0.166140
abs.txt,417	2	67696	0.205140
abs.txt,418	2	67696	0.147348
abs.txt,419	1	21383	0.089668
abs.txt,420	0	55354	0.276758
abs.txt,421	2	67696	0.183594
abs.txt,422	0	55354	0.176938
abs.txt,423	1	21383	0.111818
abs.txt,424	0	55354	0.202597
abs.txt,425	0	55354	0.152857
abs.txt,426	0	55354	0.148937
abs.txt,427	0	55354	0.191763
abs.txt,428	0	55354	0.177223
abs.txt,429	0	55354	0.114029
abs.txt,430	2	67696	0.161468
abs.txt,431	0	55354	0.129593
abs.txt,432	1	21383	0.147383
abs.txt,433	0	55354	0.231236
abs.txt,434	0	55354	0.244103
abs.txt,435	1	21383	0.147565
abs.txt,436	0	55354	0.293549
abs.txt,437	0	55354	0.293615
abs.txt,438	0	55354	0.159251
abs.txt,439	0	55354	0.079975
abs.txt,440	0	55354	0.205331
abs.txt,441	0	55354	0.253871
abs.txt,442	2	67696	0.202905
abs.txt,443	2	67696	0.143455
abs.txt,444	2	67696	0.135361
abs.txt,445	2	67696	0.200612
abs.txt,446	2	67696	0.138049
abs.txt,447	2	67696	0.182855
abs.txt,448	0	55354	0.265854
abs.txt,449	0	55354	0.152960
abs.txt,450	0	55354	0.122511
abs.txt,451	1	21383	0.116191
abs.txt,452	0	55354	0.113692
abs.txt,453	0	55354	0.188911
abs.txt,454	2	67696	0.275456
abs.txt,455	0	55354	0.160388
abs.txt,456	1	21383	0.181757
abs.txt,457	2	67696	0.157042
abs.txt,458	0	55354	0.208163
abs.txt,459	1	21383	0.106050
abs.txt,460	0	55354	0.088995
abs.txt,461	1	21383	0.095552
abs.txt,462	2	67696	0.226167
abs.txt,463	0	55354	0.097221
abs.txt,464	0	55354	0.120318
abs.txt,465	0	55354	0.221525
abs.txt,466	0	55354	0.106172
abs.txt,467	0	55354	0.137155
abs.txt,468	0	55354	0.131664
abs.txt,469	1	21383	0.085227
abs.txt,470	0	55354	0.116615
abs.txt,471	0	55354	0.191313
abs.txt,472	1	21383	0.083185
abs.txt,473	0	55354	0.080526
abs.txt,474	2	67696	0.150726
abs.txt,475	0	55354	0.287119
abs.txt,476	0	55354	0.122453
abs.txt,477	0	55354	0.165396
abs.txt,478	2	67696	0.220688
abs.txt,479	1	21383	0.075835
abs.txt,480	1	21383	0.103067
abs.txt,481	2	67696	0.242924
abs.txt,482	0	55354	0.195128
abs.txt,483	0	55354	0.146230
abs.txt,484	0	55354	0.126297
abs.txt,485	0	55354	0.165218
abs.txt,486	2	67696	0.275924
abs.txt,487	1	21383	0.140253
abs.txt,488	1	21383	0.176134
abs.txt,489	2	67696	0.113222
abs.txt,490	0	55354	0.154859
abs.txt,491	1	21383	0.128356
abs.txt,492	2	67696	0.241068
abs.txt,493	0	55354	0.125335
abs.txt,494	0	55354	0.150483
abs.txt,495	2	67696	0.178871
abs.txt,496	0	55354	0.143328
abs.txt,497	1	21383	0.095197
abs.txt,498	1	21383	0.153059
abs.txt,499	0	55354	0.150719
abs.txt,500	2	67696	0.218430
abs.txt,501	1	21383	0.120671
abs.txt,502	0	55354	0.156079
abs.txt,503	0	55354	0.193178
abs.txt,504	1	21383	0.125771
abs.txt,505	0	55354	0.199066
abs.txt,506	0	55354	0.151485
abs.txt,507	2	67696	0.103446
abs.txt,508	0	55354	0.226968
abs.txt,509	2	67696	0.222634
abs.txt,510	0	55354	0.252996
abs.txt,511	0	55354	0.248781
abs.txt,512	2	67696	0.117600
abs.txt,513	0	55354	0.109811
abs.txt,514	0	55354	0.201880
abs.txt,515	2	67696	0.199118
abs.txt,516	0	55354	0.278838
abs.txt,517	0	55354	0.112836
abs.txt,518	0	55354	0.180680
abs.txt,519	0	55354	0.339627
abs.txt,520	2	67696	0.107640
abs.txt,521	2	67696	0.114568
abs.txt,522	0	55354	0.177602
abs.txt,523	0	55354	0.154476
abs.txt,524	2	67696	0.147286
abs.txt,525	0	55354	0.215399
abs.txt,526	1	21383	0.089941
abs.txt,527	0	55354	0.151329
abs.txt,528	0	55354	0.108431
abs.txt,529	1	21383	0.105544
abs.txt,530	0	55354	0.126480
abs.txt,531	0	55354	0.254158
abs.txt,532	2	67696	0.188786
abs.txt,533	0	55354	0.160099
abs.txt,534	0	55354	0.250613
abs.txt,535	0	55354	0.163350
abs.txt,536	2	67696	0.140452
abs.txt,537	0	55354	0.143569
abs.txt,538	0	55354	0.119163
abs.txt,539	2	67696	0.160338
abs.txt,540	0	55354	0.148418
abs.txt,541	0	55354	0.189416
abs.txt,542	2	67696	0.110854
abs.txt,543	2	67696	0.166762
abs.txt,544	2	67696	0.185605
abs.txt,545	0	55354	0.134601
abs.txt,546	0	55354	0.157552
abs.txt,547	2	67696	0.211477
abs.txt,548	0	55354	0.146050
abs.txt,549	0	55354	0.229024
abs.txt,550	2	67696	0.148285
abs.txt,551	0	55354	0.234090
abs.txt,552	2	67696	0.140338
abs.txt,553	1	21383	0.275083
abs.txt,554	1	21383	0.069963
abs.txt,555	1	21383	0.238739
abs.txt,556	0	55354	0.163783
abs.txt,557	1	21383	0.167676
abs.txt,558	2	67696	0.150816
abs.txt,559	2	67696	0.135537
abs.txt,560	0	55354	0.215719
abs.txt,561	0	55354	0.120992
abs.txt,562	2	67696	0.155688
abs.txt,563	1	21383	0.122385
abs.txt,564	2	67696	0.215246
abs.txt,565	0	55354	0.180732
abs.txt,566	0	55354	0.150533
abs.txt,567	0	55354	0.267295
abs.txt,568	1	21383	0.087285
abs.txt,569	1	21383	0.262346
abs.txt,570	0	55354	0.154082
abs.txt,571	0	55354	0.150639
abs.txt,572	2	67696	0.215629
abs.txt,573	2	67696	0.191393
abs.txt,574	2	67696	0.275881
abs.txt,575	0	55354	0.121686
abs.txt,576	2	67696	0.199449
abs.txt,577	2	67696	0.201586
abs.txt,578	2	67696	0.087560
abs.txt,579	0	55354	0.140633
abs.txt,580	0	55354	0.092438
abs.txt,581	0	55354	0.168804
abs.txt,582	0	55354	0.134617
abs.txt,583	2	67696	0.239790
abs.txt,584	0	55354	0.153202
abs.txt,585	1	21383	0.237383
abs.txt,586	0	55354	0.184065
abs.txt,587	0	55354	0.175041
abs.txt,588	0	55354	0.171091
abs.txt,589	2	67696	0.110390
abs.txt,590	2	67696	0.144985
abs.txt,591	2	67696	0.069731
abs.txt,592	0	55354	0.150802
abs.txt,593	1	21383	0.096801
abs.txt,594	2	67696	0.198552
abs.txt,595	0	55354	0.106939
abs.txt,596	2	67696	0.174138
abs.txt,597	0	55354	0.145663
abs.txt,598	2	67696	0.272086
abs.txt,599	1	21383	0.086755
abs.txt,600	0	55354	0.189767
abs.txt,601	0	55354	0.269368
abs.txt,602	0	55354	0.113608
abs.txt,603	0	55354	0.086512
abs.txt,604	0	55354	0.244362
abs.txt,605	2	67696	0.084805
abs.txt,606	0	55354	0.249832
abs.txt,607	0	55354	0.243994
abs.txt,608	2	67696	0.137178
abs.txt,609	0	55354	0.172239
abs.txt,610	2	67696	0.201056
abs.txt,611	1	21383	0.129297
abs.txt,612	0	55354	0.105550
abs.txt,613	0	55354	0.295006
abs.txt,614	1	21383	0.165313
abs.txt,615	1	21383	0.152231
abs.txt,616	0	55354	0.131493
abs.txt,617	1	21383	0.109580
abs.txt,618	0	55354	0.119979
abs.txt,619	0	55354	0.150633
abs.txt,620	2	67696	0.175071
abs.txt,621	2	67696	0.120869
abs.txt,622	0	55354	0.213790
abs.txt,623	0	55354	0.106035
abs.txt,624	0	55354	0.287871
abs.txt,625	1	21383	0.226976
abs.txt,626	1	21383	0.269025
abs.txt,627	0	55354	0.198045
abs.txt,628	1	21383	0.217472
abs.txt,629	0	55354	0.149330
abs.txt,630	2	67696	0.061386
abs.txt,631	0	55354	0.130507
abs.txt,632	2	67696	0.113385
abs.txt,633	0	55354	0.134755
abs.txt,634	1	21383	0.090961
abs.txt,635	0	55354	0.295303
abs.txt,636	0	55354	0.145585
abs.txt,637	2	67696	0.213087
abs.txt,638	2	67696	0.193722
abs.txt,639	2	67696	0.225092
abs.txt,640	1	21383	0.120326
abs.txt,641	2	67696	0.158960
abs.txt,642	0	55354	0.148917
abs.txt,643	2	67696	0.204234
abs.txt,644	1	21383	0.131567
abs.txt,645	0	55354	0.187780
abs.txt,646	2	67696	0.220215
abs.txt,647	0	55354	0.170173
abs.txt,648	0	55354	0.188082
abs.txt,649	2	67696	0.134452
abs.txt,650	0	55354	0.134172
abs.txt,651	2	67696	0.315730
abs.txt,652	2	67696	0.091953
abs.txt,653	2	67696	0.234326
abs.txt,654	1	21383	0.061212
abs.txt,655	1	21383	0.101828
abs.txt,656	2	67696	0.237902
abs.txt,657	1	21383	0.152302
abs.txt,658	2	67696	0.148791
abs.txt,659	0	55354	0.124967
abs.txt,660	0	55354	0.157008
abs.txt,661	2	67696	0.139869
abs.txt,662	0	55354	0.105907
abs.txt,663	1	21383	0.221355
abs.txt,664	0	55354	0.197091
abs.txt,665	0	55354	0.157166
abs.txt,666	0	55354	0.223737
abs.txt,667	0	55354	0.086352
abs.txt,668	0	55354	0.098068
abs.txt,669	2	67696	0.206376
abs.txt,670	1	21383	0.157430
abs.txt,671	2	67696	0.200975
abs.txt,672	0	55354	0.423130
abs.txt,673	0	55354	0.213123
abs.txt,674	0	55354	0.113480
abs.txt,675	2	67696	0.172357
abs.txt,676	0	55354	0.246656
abs.txt,677	0	55354	0.245348
abs.txt,678	1	21383	0.108222
abs.txt,679	0	55354	0.201607
abs.txt,680	0	55354	0.248666
abs.txt,681	2	67696	0.137133
abs.txt,682	0	55354	0.212465
abs.txt,683	2	67696	0.089271
abs.txt,684	2	67696	0.139428
abs.txt,685	0	55354	0.147152
abs.txt,686	0	55354	0.206733
abs.txt,687	0	55354	0.126130
abs.txt,688	0	55354	0.120843
abs.txt,689	2	67696	0.112040
abs.txt,690	2	67696	0.241026
abs.txt,691	2	67696	0.241511
abs.txt,692	2	67696	0.142185
abs.txt,693	2	67696	0.210114
abs.txt,694	0	55354	0.166852
abs.txt,695	2	67696	0.142935
abs.txt,696	0	55354	0.148412
abs.txt,697	0	55354	0.200662
abs.txt,698	1	21383	0.140353
abs.txt,699	2	67696	0.122448
abs.txt,700	0	55354	0.171500
abs.txt,701	0	55354	0.100952
abs.txt,702	1	21383	0.162220
abs.txt,703	0	55354	0.133244
abs.txt,704	2	67696	0.136584
abs.txt,705	0	55354	0.256087
abs.txt,706	0	55354	0.147997
abs.txt,707	2	67696	0.226110
abs.txt,708	0	55354	0.098457
abs.txt,709	2	67696	0.181813
abs.txt,710	1	21383	0.119262
abs.txt,711	0	55354	0.246644
abs.txt,712	2	67696	0.181411
abs.txt,713	0	55354	0.131506
abs.txt,714	2	67696	0.236406
abs.txt,715	2	67696	0.186807
abs.txt,716	0	55354	0.128200
abs.txt,717	1	21383	0.162315
abs.txt,718	1	21383	0.164979
abs.txt,719	0	55354	0.156155
abs.txt,720	0	55354	0.132399
abs.txt,721	2	67696	0.193053
abs.txt,722	1	21383	0.214316
abs.txt,723	0	55354	0.160677
abs.txt,724	0	55354	0.117487
abs.txt,725	0	55354	0.156683
abs.txt,726	2	67696	0.312190
abs.txt,727	0	55354	0.185554
abs.txt,728	2	67696	0.218940
abs.txt,729	1	21383	0.162735
abs.txt,730	0	55354	0.171096
abs.txt,731	0	55354	0.207845
abs.txt,732	0	55354	0.080290
abs.txt,733	0	55354	0.215354
abs.txt,734	0	55354	0.229388
abs.txt,735	0	55354	0.163636
abs.txt,736	0	55354	0.111973
abs.txt,737	0	55354	0.128325
abs.txt,738	2	67696	0.263149
abs.txt,739	0	55354	0.124675
abs.txt,740	1	21383	0.168783
abs.txt,741	0	55354	0.129566
abs.txt,742	0	55354	0.207496
abs.txt,743	1	21383	0.074822
abs.txt,744	0	55354	0.116700
abs.txt,745	0	55354	0.262932
abs.txt,746	0	55354	0.142883
abs.txt,747	0	55354	0.124115
abs.txt,748	0	55354	0.079066
abs.txt,749	0	55354	0.121229
abs.txt,750	2	67696	0.104199
abs.txt,751	0	55354	0.335706
abs.txt,752	2	67696	0.223061
abs.txt,753	0	55354	0.154723
abs.txt,754	0	55354	0.197323
abs.txt,755	0	55354	0.182866
abs.txt,756	2	67696	0.135706
abs.txt,757	2	67696	0.169798
abs.txt,758	0	55354	0.177825
abs.txt,759	0	55354	0.112930
abs.txt,760	2	67696	0.136501
abs.txt,761	0	55354	0.201177
abs.txt,762	2	67696	0.217824
abs.txt,763	0	55354	0.202622
abs.txt,764	0	55354	0.147742
abs.txt,765	2	67696	0.255527
abs.txt,766	0	55354	0.171859
abs.txt,767	0	55354	0.215137
abs.txt,768	0	55354	0.161737
abs.txt,769	2	67696	0.188798
abs.txt,770	0	55354	0.240247
abs.txt,771	0	55354	0.247604
abs.txt,772	1	21383	0.127451
abs.txt,773	0	55354	0.256811
abs.txt,774	0	55354	0.193607
abs.txt,775	1	21383	0.276405
abs.txt,776	1	21383	0.276764
abs.txt,777	0	55354	0.234366
abs.txt,778	2	67696	0.164208
abs.txt,779	0	55354	0.136102
abs.txt,780	0	55354	0.169297
abs.txt,781	2	67696	0.136401
abs.txt,782	2	67696	0.233022
abs.txt,783	2	67696	0.179174
abs.txt,784	0	55354	0.173837
abs.txt,785	0	55354	0.155527
abs.txt,786	2	67696	0.249419
abs.txt,787	0	55354	0.233026
abs.txt,788	2	67696	0.125990
abs.txt,789	2	67696	0.095549
abs.txt,790	0	55354	0.148866
abs.txt,791	1	21383	0.262589
abs.txt,792	2	67696	0.155345
abs.txt,793	0	55354	0.144756
abs.txt,794	1	21383	0.100567
abs.txt,795	0	55354	0.213156
abs.txt,796	0	55354	0.240429
abs.txt,797	0	55354	0.126650
abs.txt,798	2	67696	0.242427
abs.txt,799	0	55354	0.131194
abs.txt,800	1	21383	0.193903
abs.txt,801	0	55354	0.171083
abs.txt,802	0	55354	0.195715
abs.txt,803	0	55354	0.236124
abs.txt,804	0	55354	0.159501
abs.txt,805	0	55354	0.093276
abs.txt,806	0	55354	0.162917
abs.txt,807	2	67696	0.182386
abs.txt,808	1	21383	0.147154
abs.txt,809	2	67696	0.085532
abs.txt,810	1	21383	0.100089
abs.txt,811	0	55354	0.165821
abs.txt,812	0	55354	0.155944
abs.txt,813	2	67696	0.082821
abs.txt,814	2	67696	0.211651
abs.txt,815	2	67696	0.131897
abs.txt,816	2	67696	0.178480
abs.txt,817	0	55354	0.142899
abs.txt,818	2	67696	0.161650
abs.txt,819	0	55354	0.220642
abs.txt,820	0	55354	0.140087
abs.txt,821	2	67696	0.210601
abs.txt,822	2	67696	0.206776
abs.txt,823	0	55354	0.133833
abs.txt,824	2	67696	0.169917
abs.txt,825	0	55354	0.112801
abs.txt,826	1	21383	0.196475
abs.txt,827	0	55354	0.104559
abs.txt,828	0	55354	0.149058
abs.txt,829	2	67696	0.236154
abs.txt,830	2	67696	0.146719
abs.txt,831	0	55354	0.227968
abs.txt,832	0	55354	0.144079
abs.txt,833	0	55354	0.176432
abs.txt,834	0	55354	0.163595
abs.txt,835	0	55354	0.165499
abs.txt,836	0	55354	0.117356
abs.txt,837	0	55354	0.149169
abs.txt,838	2	67696	0.233032
abs.txt,839	2	67696	0.294674
abs.txt,840	0	55354	0.132800
abs.txt,841	2	67696	0.180424
abs.txt,842	0	55354	0.110800
abs.txt,843	1	21383	0.244465
abs.txt,844	0	55354	0.189596
abs.txt,845	0	55354	0.182709
abs.txt,846	2	67696	0.174918
abs.txt,847	2	67696	0.172749
abs.txt,848	0	55354	0.154428
abs.txt,849	0	55354	0.134235
abs.txt,850	2	67696	0.135101
abs.txt,851	0	55354	0.112556
abs.txt,852	0	55354	0.254001
abs.txt,853	0	55354	0.279067
abs.txt,854	1	21383	0.133983
abs.txt,855	0	55354	0.196097
abs.txt,856	0	55354	0.161461
abs.txt,857	0	55354	0.141579
abs.txt,858	2	67696	0.227994
abs.txt,859	0	55354	0.144041
abs.txt,860	0	55354	0.149332
abs.txt,861	2	67696	0.120559
abs.txt,862	2	67696	0.244955
abs.txt,863	2	67696	0.145501
abs.txt,864	2	67696	0.125815
abs.txt,865	2	67696	0.134272
